1037
1037
1037
1037
1037
1037
1037
1027
927
927
917
917
907
907
907
907
907
907
907
907
907
907
807
807
807
807
807
807
807
807
808
808
808
808
808
808
808
808
808
808
808
808
808
908
908
908
908
908
908
908
908
908
908
908
908
908
908
908
908
908
908
908
908
908
909
909
909
909
909
909
909
909
909
909
1009
1009
1009
1009
1009
909
1009
1009
1009
1009
1009
1009
909
909
909
809
9010
10010
10010
10010
10010
9010
10010
1009
1008
1008
1008
1008
909
909
909
909
1009
1008
1008
908
1008
1009
9010
9010
909
1009
1009
1009
1009
1009
1009
1009
1009
10010
10010
10010
10010
10010
1009
1009
1009
1009
1009
1009
1009
10010
10010
10010
10010
10010
10010
1009
909
909
1009
1009
1009
1009
1009
1009
1009
1009
909
909
909
909
909
909
909
909
909
909
909
909
909
909
908
908
908
908
908
908
908
908
908
908
808
808
808
808
808
808
808
808
808
808
808
807
807
807
807
807
807
707
707
707
707
707
707
707
1037
1037
1037
1037
1037
1037
1027
927
927
917
917
917
907
807
907
907
807
907
907
907
807
807
807
807
807
807
807
807
807
808
808
808
808
808
808
808
808
808
808
808
808
909
909
908
908
908
908
908
908
908
908
908
908
908
908
908
908
908
908
909
909
909
909
909
909
909
909
909
909
909
909
909
909
1009
1009
1009
1009
1009
1009
909
9110
909
10010
10010
10010
10010
10010
10010
10010
10010
909
908
908
907
907
1007
907
907
907
907
905
904
903
902
903
1005
906
817
616
715
813
902
1002
1003
904
1006
908
909
9010
10010
9010
10010
10010
10010
10010
1009
908
1008
1009
1009
1009
1009
1009
1009
1009
1009
10010
10010
10010
1009
1009
1009
1009
1009
1009
1009
1009
1009
1009
1009
1009
1009
909
909
909
909
909
909
909
909
909
909
909
909
909
909
909
908
908
908
908
908
908
908
908
908
808
808
808
808
908
908
808
808
808
808
808
808
807
807
807
807
807
707
707
707
707
707
707
707
1038
1037
1037
1037
1027
927
927
927
917
917
917
907
907
807
807
807
807
807
807
807
807
807
807
807
807
807
807
808
808
808
808
808
808
808
808
808
808
808
808
808
808
909
909
908
908
908
908
908
909
909
909
909
909
909
909
909
909
909
909
909
909
909
909
909
909
909
909
909
909
909
909
909
909
1009
1009
1009
1009
10010
10010
10010
908
1008
1008
1008
1008
1008
909
909
1009
1008
1007
1006
905
905
905
905
805
805
705
806
806
807
817
716
616
969
10810
10910
1099
1089
967
856
615
714
712
811
902
903
905
907
909
909
1009
10010
10010
10010
10010
9010
10010
10010
10010
10010
10010
10010
1009
1009
1009
1009
1009
1009
1009
1009
1009
1009
1009
1009
1009
1009
1009
1009
1009
1009
1009
1009
909
909
909
909
909
909
909
909
909
909
909
909
909
909
909
909
909
909
909
909
909
909
908
908
908
908
908
908
908
908
808
808
808
808
808
807
807
807
807
707
707
707
707
707
707
707
1038
1037
1037
1037
927
927
927
917
917
907
907
907
907
807
807
807
807
807
807
807
807
807
807
807
807
807
808
808
808
908
908
908
808
808
808
808
808
808
908
908
808
908
909
909
908
908
908
908
909
909
909
909
909
909
909
909
909
909
909
909
909
909
909
909
909
909
909
909
909
909
909
909
1009
1009
1009
1009
10010
10010
10010
10010
10010
10010
10010
1009
909
808
809
808
806
904
802
801
812
814
715
716
715
615
847
968
1078
1089
1099
1099
999
