122 85 56
197 151 115
219 169 116
209 170 101
180 150 86
151 117 82
157 114 97
194 149 118
199 156 103
172 127 72
227 175 136
221 171 134
220 187 118
194 172 70
216 189 84
201 162 71
209 175 77
173 143 47
181 155 60
235 206 106
212 173 68
171 120 11
202 150 30
203 151 13
206 151 0
233 166 17
255 188 55
255 198 68
255 178 32
254 168 3
255 181 10
251 174 8
201 128 0
218 145 7
255 184 45
255 196 22
255 180 0
255 184 0
255 188 14
255 201 26
249 193 0
252 191 0
254 177 0
255 169 20
253 167 46
255 177 74
238 163 82
219 144 86
217 145 34
223 153 67
225 160 80
230 167 62
206 148 22
201 145 36
217 159 77
211 147 59
204 134 10
207 138 0
201 138 22
189 133 40
193 138 37
195 133 10
201 137 5
215 149 27
196 153 15
203 153 28
200 144 25
202 140 17
205 141 7
213 147 9
205 144 17
209 159 48
195 153 51
201 152 49
207 144 28
223 149 14
250 176 25
249 171 11
252 159 2
255 156 3
255 171 0
255 165 1
255 153 4
255 154 2
255 161 0
253 165 0
244 174 1
228 170 0
232 165 0
223 132 0
243 129 0
248 131 15
228 131 16
186 120 0
165 127 4
143 121 0
155 131 0
149 124 0
143 115 5
120 92 0
15 0 0
84 60 34
106 78 38
46 25 0
14 0 0
18 2 0
18 0 0
15 0 0
15 0 0
24 3 0
24 0 0
27 0 0
21 2 0
39 30 0
15 5 0
30 10 0
32 29 0
42 37 0
71 63 0
66 53 0
81 67 0
85 72 0
100 81 0
127 94 0
121 78 0
160 122 13
182 152 38
191 160 33
184 131 0
241 163 11
255 168 12
246 157 3
246 154 7
237 147 7
240 157 25
254 176 50
243 171 37
243 173 23
252 181 13
252 180 10
252 175 19
250 173 33
253 176 44
243 169 38
214 140 17
209 137 29
214 144 56
213 147 71
218 154 57
221 153 68
209 140 62
214 153 73
219 165 93
209 153 96
215 154 99
211 153 69
196 144 26
195 145 20
202 153 50
195 148 58
202 159 55
190 148 27
182 130 12
216 148 47
214 148 51
209 151 54
206 151 50
203 142 27
201 132 5
208 139 10
206 144 21
207 143 33
219 146 43
209 131 23
213 139 18
216 145 5
242 163 8
255 170 4
255 160 0
253 155 0
252 153 0
255 163 8
241 153 1
247 163 12
239 154 1
255 167 7
255 168 0
255 171 2
248 170 10
238 163 20
224 149 21
248 169 50
233 162 46
175 119 8
140 107 0
123 109 4
164 116 0
181 132 3
186 136 15
140 88 0
3 6 11
3 1 0
11 6 0
3 0 0
2 2 10
0 2 14
0 5 3
8 20 10
12 24 20
0 1 4
7 2 0
8 0 0
9 3 0
0 2 0
0 2 0
12 18 8
17 39 18
4 25 0
18 35 0
40 47 0
63 71 14
64 82 20
74 90 27
95 91 30
94 74 15
84 81 14
63 95 10
33 72 0
121 118 1
223 164 38
255 167 31
255 175 30
255 175 47
255 175 39
232 148 26
185 113 28
214 155 89
222 167 74
215 156 20
214 139 0
217 128 24
238 149 81
236 159 87
217 151 55
204 140 34
209 145 48
213 151 66
214 155 77
212 160 74
204 147 58
206 147 69
202 150 103
127 82 76
66 19 27
147 96 79
212 167 102
201 163 66
186 147 54
190 144 66
194 149 68
197 159 58
187 152 36
188 139 34
201 133 48
218 139 62
211 146 64
216 161 70
218 155 52
218 147 33
214 145 26
214 147 30
222 142 27
238 138 24
236 136 16
230 147 17
216 143 2
233 145 0
255 155 0
255 164 0
255 178 9
255 164 35
253 167 28
221 154 3
203 143 0
213 145 0
249 159 11
255 151 0
255 155 0
248 164 6
219 163 24
177 139 14
186 145 27
192 143 24
143 96 0
124 90 0
113 93 0
194 118 0
239 163 26
255 179 45
223 142 9
16 19 26
7 12 6
0 3 0
0 1 7
8 13 33
4 11 27
1 16 13
2 21 15
0 18 22
3 17 26
4 13 10
4 5 0
1 1 0
5 6 10
5 13 26
16 28 42
32 48 64
39 66 59
3 34 3
31 46 17
50 51 33
37 47 22
45 67 21
65 83 23
97 103 43
82 97 40
43 87 26
18 71 3
48 69 0
116 85 0
208 143 23
215 144 2
221 142 41
198 123 6
151 84 0
157 98 8
161 111 48
159 113 51
179 128 45
192 127 37
204 126 54
212 129 77
218 138 89
217 146 82
215 149 73
221 159 84
221 162 92
208 153 86
212 163 70
205 162 67
205 169 93
24 0 0
24 0 23
146 120 168
17 0 11
95 66 34
199 158 94
201 148 80
205 147 83
204 148 71
201 148 46
202 149 33
216 158 51
211 146 56
203 139 33
214 151 48
222 158 61
213 145 48
220 148 46
221 154 41
235 164 40
254 170 38
246 150 14
255 163 23
253 172 31
242 162 25
241 147 13
248 145 4
255 159 0
251 170 0
236 144 19
224 147 19
205 148 9
181 131 0
196 130 0
241 149 6
255 148 7
255 153 0
230 150 0
174 124 0
117 81 0
147 107 0
178 129 0
202 149 7
191 141 8
189 144 29
228 141 0
248 159 15
255 173 25
250 157 4
28 15 6
34 28 16
17 19 8
20 22 17
26 26 26
28 27 25
29 31 20
29 32 21
26 31 24
25 30 23
26 30 15
43 43 19
58 54 27
44 38 22
37 36 34
32 35 42
36 31 54
20 36 26
3 30 0
42 55 29
54 43 37
51 37 26
55 61 17
54 77 0
67 89 4
80 93 21
91 104 48
66 80 29
62 70 11
100 87 9
122 89 0
139 96 0
156 107 28
160 114 20
152 106 0
166 118 7
190 141 46
186 137 70
194 147 95
196 149 93
208 150 86
217 148 83
226 149 93
232 157 102
224 160 96
215 159 84
215 159 84
209 150 82
197 143 34
198 159 64
151 127 65
16 0 0
14 3 37
115 111 170
5 2 45
14 0 0
169 120 64
200 130 45
216 142 47
205 134 30
220 150 28
230 160 30
221 152 31
219 156 51
196 147 6
211 148 17
226 151 36
231 149 49
242 164 63
234 160 37
230 154 8
238 160 2
240 161 6
233 158 7
241 162 17
255 168 29
255 162 31
255 168 35
255 170 19
239 152 0
223 142 1
211 144 14
199 146 16
207 156 11
211 146 0
255 169 30
255 175 48
255 167 27
218 144 0
183 122 0
178 118 0
207 144 31
234 168 30
245 178 11
245 172 7
252 170 24
233 152 1
224 141 0
255 169 12
255 166 7
66 38 14
59 42 22
43 41 20
48 48 24
50 45 16
57 47 20
50 38 16
46 31 12
40 25 4
42 35 9
43 39 10
51 48 13
46 38 0
47 33 0
52 40 14
37 29 16
31 20 24
29 31 9
33 45 0
37 42 1
61 51 24
80 59 30
93 82 26
87 95 9
69 83 0
87 83 0
132 105 28
124 90 19
128 104 34
129 113 36
148 129 37
168 139 37
191 154 74
185 148 60
185 146 43
195 148 34
195 143 33
218 165 73
199 153 78
200 160 90
199 152 80
217 158 88
224 155 90
219 152 81
205 150 60
186 135 28
191 135 26
203 140 37
217 147 36
238 180 98
188 145 102
17 0 0
8 0 24
0 0 47
0 0 39
20 0 0
224 177 97
255 189 56
255 177 28
232 152 1
231 156 2
225 156 1
219 155 19
230 167 53
210 152 9
223 151 13
249 164 35
255 173 56
255 178 61
255 174 35
249 166 2
242 165 0
224 150 0
219 143 0
234 152 8
246 156 7
246 153 0
253 159 9
244 153 2
244 151 0
223 148 0
220 158 15
201 151 16
198 149 12
206 147 9
225 150 23
255 170 51
253 171 36
243 166 12
248 169 16
243 159 24
255 179 49
252 174 24
252 175 1
246 156 0
255 158 0
225 152 0
217 141 0
242 162 1
249 165 5
69 38 18
57 41 18
53 52 24
54 54 20
54 49 9
58 45 10
53 38 9
54 34 10
55 33 10
56 40 14
48 43 13
44 46 9
57 52 14
66 54 16
66 53 19
50 43 15
49 48 17
54 49 9
62 56 8
52 50 0
74 71 18
89 74 15
112 90 17
112 96 8
128 116 16
133 110 4
157 110 4
181 123 23
185 140 47
169 143 58
180 154 70
187 151 65
189 149 51
190 148 46
192 147 44
198 148 51
202 148 52
196 143 37
205 156 38
203 156 42
204 151 59
200 142 69
205 142 71
210 151 57
207 151 30
207 149 13
241 177 45
255 193 66
255 180 93
255 184 119
252 180 142
37 0 0
18 0 0
13 0 23
24 0 20
82 42 17
251 206 105
255 211 56
255 201 34
255 199 36
255 202 40
250 190 31
245 182 41
235 164 46
230 146 22
244 159 30
255 176 42
255 175 39
252 161 20
255 165 15
255 168 7
253 165 3
250 166 15
243 156 15
244 153 10
250 160 4
254 169 0
252 170 0
240 152 0
253 157 10
233 154 1
239 169 21
230 173 34
177 123 0
175 118 5
177 107 0
207 125 0
229 140 0
240 150 0
255 166 4
251 163 4
253 166 7
255 173 7
249 164 0
250 162 0
255 167 4
255 187 5
247 171 0
236 157 0
225 140 0
47 24 18
49 39 27
55 54 33
48 47 17
52 43 10
46 37 4
47 40 12
49 36 17
51 34 18
47 32 13
44 43 15
39 44 12
47 46 16
62 52 25
64 57 29
62 61 31
68 69 9
65 58 6
78 65 21
85 74 29
91 84 30
102 89 21
122 97 13
133 105 6
146 118 8
167 134 18
196 149 33
202 150 41
190 144 46
181 145 51
185 149 53
189 147 47
165 129 6
184 143 25
186 142 35
188 141 49
196 150 62
189 142 34
193 143 12
190 132 0
187 124 10
211 146 56
228 161 80
239 170 75
255 179 69
249 172 58
248 174 69
236 166 70
248 174 125
255 188 139
245 172 127
211 148 115
144 94 85
138 91 101
140 90 93
218 168 133
245 197 115
239 182 77
246 179 74
247 174 69
247 178 61
250 182 55
255 186 63
255 181 69
255 178 55
248 156 31
235 148 17
236 160 15
229 154 1
243 155 5
254 157 14
255 170 34
255 190 52
255 179 37
255 168 25
255 176 29
251 176 22
237 171 12
244 166 8
255 169 15
243 157 8
234 151 9
247 169 43
200 129 23
211 141 43
250 174 64
248 161 22
250 153 0
255 167 0
255 176 0
255 170 0
255 177 0
255 181 0
255 174 1
251 173 13
255 193 46
255 190 2
255 180 3
255 176 15
234 144 0
44 35 28
36 32 21
35 31 19
44 32 16
44 29 8
40 34 10
35 39 14
34 36 15
46 39 20
47 39 16
36 35 5
28 34 0
36 37 5
50 45 16
55 51 24
59 62 33
64 59 0
61 59 2
63 60 19
69 60 29
79 66 31
95 84 30
100 92 9
104 96 0
102 87 0
137 116 7
172 148 52
160 126 39
159 116 22
167 119 11
189 145 24
149 112 0
118 90 0
173 142 25
184 151 48
171 139 40
174 141 36
179 137 27
185 129 20
254 186 77
255 195 83
234 165 61
228 154 67
255 174 106
255 180 124
255 188 142
255 196 161
249 193 168
243 199 174
238 197 165
239 195 156
243 193 160
244 191 175
239 191 187
236 195 189
241 200 180
240 191 161
255 205 182
254 196 184
255 203 185
255 203 161
255 195 124
255 184 99
250 168 82
247 178 51
255 178 60
255 183 67
238 170 45
204 145 7
215 140 0
255 161 25
254 168 33
255 192 54
255 190 50
243 159 25
250 158 33
234 163 39
197 140 9
227 156 16
255 158 13
247 158 6
234 141 10
228 133 25
249 161 63
255 194 86
255 192 61
255 185 28
255 175 0
255 177 0
255 186 1
255 178 0
255 186 4
253 170 0
252 171 4
246 174 28
255 192 64
255 182 3
255 174 6
255 199 46
251 161 23
31 33 9
36 37 21
37 28 19
37 20 12
44 28 15
40 37 20
24 37 19
24 39 18
35 41 15
44 43 12
38 40 3
42 47 6
47 50 7
54 52 13
38 37 6
36 40 17
44 38 0
40 49 6
29 46 12
35 40 20
33 30 13
51 61 27
43 72 8
47 79 0
60 82 0
85 100 33
111 122 66
108 98 29
189 144 43
255 209 79
255 221 81
234 207 66
203 174 38
138 111 4
155 135 48
146 126 27
159 129 9
176 126 13
250 183 102
255 193 135
237 168 103
236 170 94
255 199 134
255 187 154
242 172 172
207 149 164
129 90 111
24 0 21
5 2 0
4 0 0
8 0 0
20 0 0
22 0 0
15 0 0
10 0 5
11 0 4
23 0 5
24 0 9
31 0 27
97 61 89
169 126 133
215 163 142
246 187 153
255 205 167
254 208 123
255 200 120
254 178 102
253 185 104
243 179 81
236 165 39
232 153 0
241 172 7
244 193 40
255 203 73
247 174 63
223 137 28
215 140 25
213 148 30
227 147 32
250 150 39
246 158 6
232 145 14
255 181 72
255 188 81
248 173 46
242 172 16
241 170 0
240 168 0
240 164 1
248 170 8
248 172 8
243 174 11
227 159 12
208 139 12
172 99 0
200 123 15
242 169 12
231 157 6
255 180 39
227 150 18
26 40 4
25 33 10
28 25 20
32 20 24
21 12 17
10 15 19
13 33 34
11 33 30
2 18 7
12 21 2
33 43 18
36 50 15
37 48 8
38 45 11
33 36 19
17 19 18
16 23 16
2 25 17
8 38 30
10 29 25
0 5 2
0 15 4
0 55 30
16 77 46
28 78 53
26 70 53
30 69 42
95 102 35
233 181 69
255 184 47
245 179 43
230 205 79
244 194 63
174 137 33
135 110 28
141 115 28
138 95 0
205 142 39
252 177 112
244 171 152
250 190 189
232 185 175
160 122 103
25 0 0
19 0 11
7 0 28
0 0 28
0 0 23
0 9 0
0 4 16
5 0 39
7 0 43
7 4 35
8 8 34
6 7 37
5 4 35
8 4 29
9 0 17
7 0 9
10 0 11
11 0 9
8 0 3
12 0 4
22 2 14
165 131 122
229 186 169
255 198 171
255 191 159
252 175 123
255 190 90
244 181 26
220 162 0
220 161 0
211 145 23
232 159 64
214 137 31
228 146 18
234 150 18
255 172 66
255 169 91
236 155 14
225 156 19
217 159 33
189 137 15
188 136 1
192 142 0
187 136 0
194 140 0
213 152 27
197 133 7
215 154 12
193 141 5
185 136 33
164 108 34
222 153 76
227 148 55
191 128 0
207 144 15
218 154 28
174 113 0
8 33 11
5 23 9
4 12 14
0 0 22
0 1 39
0 4 39
0 4 32
0 16 39
0 7 31
0 7 27
0 5 12
0 19 12
0 20 9
13 28 31
0 10 32
0 6 42
0 6 43
0 11 46
0 10 38
0 1 21
39 45 59
52 77 84
0 48 53
4 55 59
23 67 70
23 63 54
29 64 31
95 100 33
196 148 48
201 120 3
197 128 11
154 114 3
173 108 0
179 127 5
173 131 23
134 90 3
184 124 52
255 181 123
255 187 148
219 161 157
62 28 55
8 0 26
0 0 14
3 2 10
6 3 20
5 5 33
0 3 25
0 7 13
1 4 0
7 0 14
12 0 36
19 0 54
24 16 55
25 23 45
14 9 29
0 0 21
0 0 22
2 1 9
6 0 0
6 0 0
0 1 0
0 2 14
0 0 25
0 0 29
14 0 27
18 0 23
25 0 7
218 162 161
255 200 180
255 202 150
237 179 79
239 174 28
228 148 0
220 136 1
219 145 36
215 145 33
230 150 11
247 157 9
245 162 42
221 153 70
207 135 14
197 140 7
175 136 0
154 121 0
169 134 8
182 140 2
180 134 0
182 131 3
192 138 30
192 140 28
178 131 0
184 143 17
192 147 64
170 118 68
187 133 69
213 158 65
199 142 29
202 145 30
201 144 28
159 103 0
0 24 25
0 10 5
0 6 6
0 0 25
0 0 47
0 0 45
0 4 39
0 7 36
0 9 48
0 3 43
0 5 32
0 7 16
0 11 22
0 6 33
0 3 46
0 0 44
0 0 38
0 0 39
0 0 30
13 0 18
125 91 107
172 147 153
27 23 20
1 10 0
41 48 7
71 71 11
72 68 0
39 25 0
49 16 0
102 48 0
157 95 0
159 103 0
156 92 0
173 115 0
172 116 0
205 147 50
255 190 152
242 174 171
74 18 19
25 0 0
5 0 8
0 1 21
0 3 22
7 4 21
46 27 46
36 12 34
17 3 18
12 10 15
29 0 8
33 0 7
46 3 20
62 17 40
66 27 45
57 29 26
43 23 12
37 16 21
31 5 32
31 3 28
28 3 6
16 0 0
8 0 0
4 0 11
3 0 14
3 0 9
9 0 19
6 0 27
7 0 21
15 0 0
25 0 0
216 172 169
255 206 194
255 189 131
249 163 40
239 154 3
213 140 1
227 156 38
230 156 33
219 143 5
205 143 6
188 142 20
195 130 26
182 123 5
182 133 5
183 139 16
201 156 41
211 158 44
206 145 28
207 146 29
202 145 29
201 153 27
192 148 13
177 125 3
177 119 22
153 97 20
139 102 14
144 121 15
203 142 36
210 149 42
214 154 42
171 112 0
25 33 35
50 49 31
80 69 41
51 32 17
27 1 2
24 0 0
22 0 0
15 0 0
13 0 0
12 0 0
33 14 0
66 44 21
32 14 0
8 1 0
5 3 0
6 4 0
15 0 0
24 5 0
91 60 31
146 93 62
81 11 0
152 81 37
139 86 20
148 112 16
179 144 24
209 167 33
223 180 50
216 184 73
215 191 95
237 204 107
208 155 41
197 122 0
233 175 50
249 191 58
228 172 51
254 200 126
170 122 110
27 0 14
20 0 21
7 0 2
0 3 0
0 8 0
2 1 6
32 5 24
62 13 35
67 14 34
59 18 32
53 27 36
72 21 40
68 20 20
67 15 1
76 14 3
88 24 15
88 37 18
70 34 8
56 19 10
56 7 28
67 11 46
68 23 44
58 23 29
61 26 32
62 22 33
46 11 17
22 0 0
7 0 0
6 0 5
5 0 16
0 0 4
4 3 0
11 0 11
55 11 47
246 183 194
255 202 144
245 173 52
223 152 12
211 140 16
212 142 31
196 134 15
182 128 0
197 149 5
203 138 34
208 141 34
206 136 24
203 136 19
215 150 32
211 144 31
211 139 28
213 142 26
215 151 27
210 153 22
186 132 0
194 130 6
239 170 51
224 165 49
147 110 0
139 122 4
199 137 24
222 160 47
237 173 63
184 117 10
23 0 0
32 0 0
133 81 0
178 116 17
204 135 34
230 154 56
224 150 43
226 165 40
227 179 43
233 184 55
224 158 46
222 148 43
224 161 47
224 181 53
237 213 81
238 219 91
234 189 48
238 191 43
247 191 42
248 182 42
241 169 33
242 171 27
249 188 22
255 198 20
252 196 13
253 192 13
250 195 14
255 215 31
243 213 37
246 210 51
223 159 23
178 92 0
231 165 42
254 197 108
228 183 141
29 0 0
12 0 9
6 0 20
1 0 18
2 0 8
7 0 0
11 0 0
34 2 3
58 7 22
79 18 36
74 14 26
78 29 33
70 30 30
66 23 32
72 27 24
74 22 11
72 12 1
79 18 13
84 33 30
75 34 28
62 21 15
61 16 13
68 17 22
73 23 34
69 23 34
74 29 36
72 28 29
71 30 28
63 24 19
34 6 2
20 0 0
7 0 0
4 2 7
0 0 0
8 4 5
9 0 10
20 0 14
199 151 163
255 207 170
247 179 80
221 151 19
222 151 25
236 164 54
233 161 51
225 153 33
237 166 50
234 158 46
218 138 25
218 139 18
222 150 16
214 147 7
220 152 19
208 138 17
205 131 22
210 137 32
186 116 5
183 121 0
255 207 76
255 217 87
182 130 8
166 115 0
196 138 12
196 136 16
222 158 50
178 108 10
191 143 61
223 157 60
252 168 36
255 167 0
255 172 0
255 155 0
255 162 0
255 178 0
255 198 0
255 195 0
255 159 0
255 173 0
255 201 5
255 211 0
255 217 0
251 217 0
255 206 0
255 202 0
255 197 0
255 204 0
255 205 0
251 204 0
254 204 0
255 205 0
255 201 0
255 199 7
252 205 0
251 212 0
254 212 0
255 207 0
255 204 48
235 143 34
225 147 23
219 157 108
21 0 18
0 0 51
0 0 33
0 6 7
0 7 4
5 0 9
27 3 19
50 6 19
71 14 23
86 24 35
74 17 26
71 21 22
71 24 14
73 28 9
56 31 26
63 24 27
69 18 25
69 18 23
68 22 32
67 23 46
66 22 47
62 26 26
55 26 0
61 29 0
68 27 9
69 23 25
71 31 31
64 34 24
71 37 35
68 26 36
61 9 32
38 6 11
30 15 10
19 4 9
9 0 0
3 3 0
0 7 0
0 0 9
18 0 44
155 94 135
255 206 153
247 180 40
240 165 14
255 172 58
238 142 56
225 128 47
216 141 14
225 150 25
246 167 46
255 181 51
255 190 43
232 170 7
211 153 0
218 153 27
212 130 46
217 129 57
203 126 36
211 159 41
247 210 80
241 197 74
242 175 62
195 107 0
196 144 9
206 151 25
240 177 71
189 120 27
247 174 43
255 160 32
255 160 19
255 160 0
246 172 0
234 173 0
240 179 13
248 191 26
250 203 35
249 202 50
237 183 51
239 182 41
255 215 28
251 212 0
255 210 0
255 199 0
247 203 10
245 204 14
247 202 13
255 203 9
255 200 15
241 200 30
231 210 41
230 213 21
245 214 0
255 210 0
255 210 14
249 213 7
242 216 0
253 222 0
255 221 57
255 215 118
183 143 151
17 0 5
3 0 14
0 3 12
0 4 11
14 5 22
40 0 25
70 0 28
79 6 15
77 13 4
75 14 9
84 17 26
84 13 29
76 10 22
68 17 16
62 22 14
65 30 10
61 28 19
56 27 31
55 27 39
54 24 34
57 23 22
70 27 18
74 26 14
68 19 12
69 23 23
64 25 30
67 32 38
65 30 37
72 30 40
74 24 36
76 19 34
25 26 18
36 20 33
43 7 33
50 1 20
52 2 11
36 0 4
17 0 0
5 2 0
0 8 0
0 0 21
76 59 111
246 196 205
241 168 73
245 160 0
241 151 0
232 136 33
217 146 0
237 160 30
255 189 81
255 175 63
255 184 59
247 168 47
205 132 27
223 157 61
213 153 57
208 149 49
215 151 53
227 153 54
251 171 58
248 164 39
247 162 33
239 153 30
221 142 0
234 152 24
238 156 46
207 125 25
214 126 0
237 137 0
233 131 5
240 151 5
255 175 0
255 181 0
255 188 0
255 193 0
255 204 0
255 206 0
255 188 0
218 122 0
252 197 0
249 230 14
248 216 9
255 195 2
255 210 3
255 207 0
255 213 0
252 207 0
255 215 6
255 216 12
255 211 0
255 209 0
255 207 11
253 203 42
250 208 64
255 218 56
255 216 22
255 216 36
255 226 114
218 173 131
5 0 10
3 0 14
3 5 18
0 0 7
17 0 6
38 0 10
69 4 26
80 7 24
80 12 13
79 17 6
84 21 14
86 16 24
90 18 32
80 10 18
70 11 5
73 20 4
78 17 0
77 19 5
70 19 16
68 21 27
63 20 27
63 18 23
67 21 24
69 18 23
71 20 25
62 16 19
61 17 18
70 29 23
77 34 25
80 31 24
77 21 20
76 16 18
71 15 24
61 8 16
60 11 14
59 15 12
55 13 14
47 8 13
30 1 5
8 0 0
0 2 0
0 0 18
6 0 30
57 9 31
255 190 151
255 168 67
255 166 35
244 153 21
230 149 14
242 159 41
249 164 55
229 148 30
219 141 15
214 137 21
214 140 45
204 137 50
207 144 49
191 131 33
206 141 49
198 127 35
189 115 8
200 123 5
236 156 41
239 156 50
205 133 13
207 134 29
213 137 51
205 129 53
218 133 0
214 135 17
173 107 20
191 132 32
239 167 23
255 173 0
255 187 0
255 191 0
255 212 0
255 205 0
255 193 0
255 157 0
239 185 0
210 195 16
214 191 23
255 205 44
255 214 33
255 224 40
255 203 21
228 195 18
229 208 27
252 219 18
255 217 0
255 210 4
250 195 40
156 127 27
154 132 49
178 138 27
232 173 35
255 227 109
232 194 145
13 0 7
0 0 12
0 0 16
0 0 14
15 0 6
48 0 1
78 5 12
84 7 15
77 5 9
78 11 3
75 12 0
79 12 4
78 7 11
87 12 19
79 7 8
77 13 3
76 19 2
86 19 2
82 19 4
73 14 6
71 17 15
71 22 26
72 25 35
74 27 45
74 27 47
74 27 45
66 20 30
60 19 15
61 22 5
65 29 5
63 26 7
59 21 12
56 16 14
81 0 17
66 0 1
62 14 0
58 18 6
54 13 11
57 12 15
46 10 12
25 5 7
4 1 10
0 0 12
2 0 15
17 0 12
137 80 97
252 176 152
252 168 72
235 151 0
237 148 30
243 155 49
226 140 37
219 139 26
209 134 17
218 145 43
216 141 60
211 140 60
200 134 40
195 131 31
199 135 38
222 153 58
196 128 19
188 119 0
226 154 46
223 147 59
208 137 21
192 120 20
207 132 51
162 88 17
184 126 26
95 62 0
14 2 0
42 21 0
133 87 9
206 144 33
238 181 52
205 163 19
224 187 36
245 205 58
220 177 47
186 143 28
210 170 57
100 63 0
56 21 0
198 165 52
221 178 66
255 215 123
185 142 73
34 4 0
69 55 0
130 121 0
204 194 37
187 176 32
98 99 0
25 40 0
29 35 0
48 18 0
188 123 23
250 183 112
23 0 0
0 4 36
17 0 6
10 1 18
2 0 16
33 11 23
61 9 11
74 4 4
75 7 6
79 15 13
81 14 6
83 15 4
83 14 7
86 18 15
84 13 11
80 9 7
81 20 15
72 21 17
71 32 25
72 33 26
68 29 22
69 32 26
71 32 35
70 30 41
68 29 50
67 27 53
73 34 55
69 31 42
57 26 23
43 17 4
44 27 11
41 31 22
34 28 32
29 25 39
44 4 13
43 12 10
50 19 17
55 14 20
61 10 17
68 12 11
61 12 8
47 10 18
30 5 24
10 0 8
3 0 0
1 0 7
8 0 21
166 126 135
244 181 112
236 157 13
250 157 38
233 144 42
237 152 62
227 151 57
225 153 53
214 143 53
234 161 82
241 165 87
224 151 56
231 161 50
221 154 41
220 153 36
214 149 23
180 115 0
184 116 5
216 146 51
234 153 9
226 145 14
248 163 54
189 105 6
133 85 9
18 2 0
0 4 0
8 6 0
21 0 0
128 104 56
142 130 72
14 4 0
75 61 0
137 127 74
7 9 0
7 3 0
29 0 0
53 0 0
49 0 0
31 0 0
31 0 0
31 1 0
22 0 0
29 0 0
25 0 0
20 9 0
22 41 0
14 56 0
37 89 14
40 86 11
70 91 0
140 116 18
208 145 65
167 106 62
15 0 0
0 5 27
11 0 7
8 0 13
22 11 28
36 13 29
47 9 20
55 11 12
58 10 8
60 8 10
76 13 21
72 6 10
68 4 2
77 16 11
73 12 11
71 10 17
67 14 20
72 28 29
49 26 34
53 28 32
55 29 32
61 32 34
59 30 35
54 22 33
55 22 39
56 23 40
51 19 34
55 25 33
51 24 29
35 15 17
30 17 26
24 15 32
14 10 37
18 17 49
22 16 16
27 16 24
38 13 34
55 9 37
70 6 23
74 6 7
67 8 2
60 9 16
52 3 22
47 5 15
25 0 0
1 0 0
0 1 14
7 0 5
210 168 128
242 172 86
241 154 21
233 146 40
224 143 61
215 142 65
213 146 59
192 126 30
215 145 50
225 149 55
218 136 34
218 139 20
220 146 13
208 136 0
221 153 20
203 134 7
207 137 16
226 155 39
255 169 0
255 181 21
255 190 50
250 158 31
204 130 9
184 127 38
114 77 22
26 0 0
33 1 0
119 89 29
79 55 0
20 6 0
19 11 0
35 24 0
40 22 0
153 122 57
188 144 81
189 137 62
189 135 47
217 167 72
165 142 48
104 80 0
104 75 0
107 62 0
174 116 52
180 128 52
147 123 37
99 112 24
94 128 33
83 112 0
107 108 0
171 140 15
205 155 82
35 0 0
12 0 7
0 2 20
0 8 25
0 4 16
10 0 9
28 0 17
33 2 18
21 0 0
39 3 5
49 3 16
40 0 15
53 1 23
61 10 15
51 1 0
48 0 7
57 10 30
54 11 21
61 20 16
48 6 20
47 7 18
51 14 22
62 29 36
63 32 40
53 26 35
50 24 33
45 22 28
31 11 13
33 12 17
31 10 19
28 4 20
27 0 21
30 0 22
27 0 12
35 0 17
32 0 0
29 0 2
30 0 17
49 5 30
60 7 23
59 4 7
62 12 11
61 12 18
63 7 20
67 5 16
53 1 5
18 0 0
3 3 5
1 0 2
27 0 0
225 172 158
233 153 16
239 159 44
219 142 54
211 140 62
208 141 50
213 150 36
206 136 14
221 141 26
223 135 25
223 134 8
225 138 0
225 144 3
218 137 20
233 151 49
251 172 53
255 189 44
255 185 11
250 165 10
251 165 30
214 128 5
255 168 0
255 159 25
243 146 49
174 95 3
169 98 0
236 157 38
245 162 42
247 184 53
233 195 36
254 215 36
255 204 32
255 201 58
229 183 63
214 183 66
246 196 63
255 191 44
242 217 39
246 216 24
245 205 11
255 208 39
255 207 68
255 181 57
255 192 69
226 165 38
179 137 0
180 144 0
203 159 0
248 198 67
166 129 74
13 0 2
14 4 31
6 0 12
0 14 19
0 6 10
17 0 6
30 0 0
34 0 0
34 0 0
31 0 0
30 0 0
25 0 7
22 0 5
28 0 3
24 0 0
29 0 0
28 0 7
43 14 19
42 22 11
71 14 23
56 5 12
51 9 13
57 25 28
51 26 30
40 24 27
41 29 29
36 31 27
9 9 1
6 7 2
8 3 7
20 4 17
35 2 19
72 18 31
67 0 0
57 0 0
84 0 0
70 0 4
30 0 0
16 0 0
17 5 5
14 2 2
20 9 7
19 3 3
32 1 6
42 0 6
43 0 7
39 10 15
4 0 0
0 0 4
13 0 15
158 122 158
255 180 66
242 166 54
248 173 71
231 156 63
223 151 51
223 155 30
222 151 11
228 145 17
236 142 26
249 152 22
247 153 5
246 154 21
251 155 68
255 164 94
224 138 27
249 172 8
255 185 30
232 159 20
250 173 55
178 101 0
202 142 9
227 140 34
241 131 34
203 93 0
250 147 0
255 158 0
255 135 0
255 165 0
255 195 0
255 203 0
235 190 0
193 160 5
109 87 0
133 104 0
194 132 0
255 166 0
249 210 0
255 211 0
255 209 0
240 191 11
192 150 6
151 102 0
191 123 0
230 146 0
255 169 6
255 167 0
255 199 40
255 196 91
22 0 0
0 0 21
0 0 27
2 0 10
37 0 0
24 0 0
24 0 0
134 77 66
197 117 90
96 18 0
46 0 0
112 62 61
110 62 58
28 0 0
17 0 0
85 56 58
115 67 65
40 0 0
29 8 5
8 22 25
38 3 10
32 1 6
39 19 18
51 40 36
37 32 28
17 16 12
13 16 9
5 15 4
0 7 0
0 12 0
0 9 2
0 4 2
19 14 11
113 85 74
150 100 75
146 84 47
177 98 94
152 100 89
57 41 25
0 5 0
0 10 3
0 11 6
0 16 9
0 9 0
0 3 2
6 0 9
7 0 7
0 0 2
0 6 0
0 5 4
0 0 19
20 0 44
255 187 115
247 171 73
247 170 56
255 172 66
254 170 71
232 152 37
231 153 19
232 147 22
243 146 33
255 164 36
255 161 12
235 138 5
250 151 70
230 132 71
214 126 16
233 158 0
240 166 5
245 170 25
255 184 62
181 105 0
0 4 0
34 1 0
124 43 0
193 86 0
245 141 0
245 145 0
240 125 0
255 142 0
255 168 0
230 167 0
48 54 0
46 82 0
64 73 0
195 152 0
255 182 0
255 179 1
245 185 0
248 185 12
236 174 37
54 10 0
25 4 0
33 28 0
59 45 0
164 120 0
244 166 8
255 175 18
255 176 56
211 152 94
16 0 0
0 0 20
0 2 14
0 4 0
253 85 49
208 99 94
41 0 0
202 134 111
246 149 96
167 66 22
56 0 0
208 141 132
213 139 110
66 0 0
35 0 0
165 117 117
195 121 108
88 6 0
40 2 1
3 18 49
25 10 29
25 13 25
44 38 38
45 42 35
25 21 12
41 34 28
32 22 20
13 8 4
7 10 3
9 22 13
0 7 0
0 7 2
0 6 0
5 1 0
28 10 0
62 33 3
31 13 1
10 0 0
5 2 0
0 3 2
0 5 7
0 13 11
0 11 5
0 14 8
0 10 9
0 2 11
0 3 12
0 6 5
0 13 4
0 7 0
0 1 10
9 0 20
220 145 114
250 174 98
240 156 42
255 167 56
255 164 67
238 146 43
239 152 36
242 155 42
254 157 60
255 164 53
252 155 14
238 145 5
237 144 41
217 127 41
216 134 8
214 144 0
250 166 0
255 186 19
255 181 37
217 128 0
0 11 65
34 20 55
123 57 33
225 134 27
253 173 14
236 170 14
239 157 19
255 158 9
255 163 0
232 170 23
94 108 20
14 58 0
134 142 43
216 172 24
235 170 14
178 118 0
168 92 0
220 149 31
213 154 54
120 74 0
143 112 30
149 134 51
123 117 19
136 128 4
173 147 10
187 138 19
170 111 41
143 96 78
13 0 2
8 8 18
0 1 2
6 5 0
255 108 91
224 91 96
55 0 0
90 19 0
153 58 14
76 0 0
63 0 0
116 33 29
189 94 66
73 0 0
67 0 0
102 9 17
144 34 33
80 0 0
55 0 0
25 0 26
35 0 21
32 0 11
31 0 0
32 0 0
34 0 0
39 0 0
36 0 0
37 0 0
33 0 0
24 0 0
18 0 0
14 0 4
17 0 5
23 0 6
28 0 0
33 0 0
8 0 2
15 0 7
27 0 13
31 0 13
27 0 7
20 0 5
15 0 4
14 0 4
19 0 6
18 0 4
20 0 7
16 0 10
13 0 9
13 0 7
8 0 0
8 0 0
142 78 69
245 175 116
236 153 47
255 159 46
249 148 44
245 148 41
235 148 35
245 157 59
245 152 75
238 139 58
239 143 30
255 170 32
255 197 68
255 188 65
245 171 24
242 176 0
255 171 0
255 174 10
255 202 63
236 138 13
9 0 3
36 0 0
174 88 27
249 166 34
255 202 21
254 208 26
255 193 27
255 182 14
255 193 13
245 183 14
192 158 32
109 94 0
151 137 38
155 132 16
183 148 32
104 61 0
158 84 0
184 114 0
244 182 35
255 201 47
255 195 53
250 179 55
250 195 76
143 128 3
82 96 0
37 43 0
156 132 96
98 59 60
17 0 5
4 0 2
15 0 0
28 0 0
67 0 0
57 0 0
49 0 0
45 0 0
50 0 0
52 0 0
113 33 44
59 0 0
142 48 48
157 53 44
207 91 92
197 74 92
223 99 123
223 105 129
243 131 156
228 119 150
253 134 176
242 124 159
255 149 173
239 132 148
255 157 174
241 139 161
253 154 183
242 147 179
248 157 190
236 150 179
249 164 193
232 147 180
254 166 204
229 137 178
255 159 205
235 133 181
238 162 201
230 143 185
250 151 197
232 127 170
254 154 192
230 135 167
246 155 188
226 136 171
238 151 185
230 141 171
249 156 187
235 134 176
245 146 200
203 128 171
42 6 20
7 0 0
37 0 0
235 174 129
248 169 77
255 169 56
255 164 47
254 161 40
232 147 30
254 171 77
255 166 101
245 149 88
236 140 53
251 163 40
255 178 41
250 174 36
238 164 17
232 160 0
255 174 28
245 153 26
255 180 76
216 122 32
159 104 0
231 142 24
235 128 0
255 170 0
255 204 0
255 209 0
253 186 0
245 171 0
235 174 0
253 202 23
243 192 41
171 124 8
55 31 0
103 95 0
142 121 16
172 125 21
177 111 1
229 159 11
255 199 6
255 191 0
247 160 0
251 152 0
255 186 59
147 122 6
69 94 0
104 127 59
159 145 119
30 0 0
22 0 7
82 69 76
218 182 194
234 162 182
195 191 208
211 180 195
208 162 173
216 179 187
200 177 185
205 178 187
219 173 186
223 161 182
234 166 187
240 162 178
249 151 164
254 148 168
249 152 185
235 145 181
245 145 173
255 137 153
255 124 148
250 123 144
241 118 138
234 119 136
216 109 127
216 116 140
208 114 141
203 112 143
206 115 146
208 115 144
214 119 149
215 116 147
224 120 155
226 120 160
233 126 170
231 124 170
234 122 168
232 117 156
246 128 162
235 120 159
239 130 169
223 118 149
237 130 156
230 120 155
228 118 163
217 112 155
232 123 155
233 113 149
240 122 174
194 101 154
50 6 31
4 1 0
24 0 0
211 163 127
244 172 98
250 161 61
254 158 46
250 161 43
244 164 49
251 173 73
251 166 86
246 154 79
240 146 58
232 145 32
208 126 0
207 128 0
211 132 5
210 128 2
214 134 13
221 139 37
227 144 66
174 90 28
251 187 0
255 202 14
255 185 0
254 175 0
255 198 0
255 201 0
255 190 15
237 169 10
197 146 0
176 149 16
138 129 26
112 109 28
108 103 22
141 121 22
182 141 23
183 124 0
191 135 12
254 178 41
232 139 0
191 101 0
201 121 0
168 107 0
70 35 0
57 56 0
30 52 0
121 131 60
161 139 102
27 0 0
19 0 4
63 43 52
113 73 81
132 64 75
68 59 50
61 37 37
47 17 27
51 35 45
0 2 3
0 2 0
9 0 0
21 0 2
31 0 7
32 0 2
40 0 0
38 0 0
40 0 2
35 0 2
39 0 0
43 0 0
50 0 0
47 0 0
45 0 0
41 0 0
38 0 0
35 0 0
34 0 0
36 0 0
35 0 0
36 0 0
38 0 0
38 0 0
39 0 0
34 0 0
31 0 0
30 0 1
42 0 0
49 0 0
54 0 0
54 0 0
46 0 0
47 0 0
50 0 0
53 0 0
52 0 11
49 0 17
43 0 0
47 0 0
48 0 0
36 0 5
21 0 14
3 1 6
18 0 0
183 139 110
247 181 121
255 172 92
255 168 80
255 167 73
248 169 68
246 170 60
252 172 59
242 156 45
235 148 35
224 139 22
206 126 5
220 139 24
234 147 42
246 153 57
244 167 35
236 156 43
208 128 41
165 85 12
243 183 0
247 191 16
237 183 13
232 170 0
246 177 0
248 186 27
173 114 0
190 128 9
181 126 7
84 65 0
16 39 0
27 63 15
91 96 29
164 123 17
191 129 0
193 130 0
183 133 2
191 111 0
232 128 29
244 148 45
173 115 8
108 91 3
93 104 35
113 135 63
62 74 0
123 115 34
172 144 96
27 0 0
18 0 4
17 0 0
26 0 0
36 0 0
48 0 0
42 0 0
27 0 0
17 0 0
8 0 0
3 2 0
14 6 0
36 8 7
55 10 15
59 12 18
59 23 25
43 13 13
48 13 11
66 25 23
75 39 41
80 53 60
65 50 29
67 54 38
75 61 52
67 52 47
53 36 29
48 29 22
43 21 10
40 13 6
35 6 2
41 15 14
34 13 10
43 28 23
19 12 4
5 5 0
8 11 4
10 15 9
26 14 0
41 15 0
75 32 23
65 17 17
67 25 26
60 22 11
70 27 10
64 11 5
78 22 35
75 28 44
60 29 24
55 31 5
55 29 4
46 19 12
31 7 20
12 0 14
21 0 0
175 131 94
242 175 107
246 161 81
251 158 81
253 162 83
232 150 50
237 160 32
236 157 13
244 158 21
232 144 20
237 154 36
242 163 44
252 171 54
255 179 77
255 168 78
243 165 7
241 159 21
231 149 37
181 98 2
205 124 0
157 102 0
38 0 0
53 1 0
139 66 0
169 98 0
122 67 0
156 106 0
225 171 21
248 200 38
198 173 44
105 94 4
25 4 0
99 53 0
136 81 0
153 103 0
199 149 14
251 171 48
253 151 41
221 133 27
164 109 8
85 59 0
124 110 13
132 123 18
104 98 0
141 130 40
150 126 78
22 0 0
37 7 19
25 0 7
44 5 8
56 1 4
82 0 0
70 0 0
71 4 13
73 7 11
69 5 3
65 10 3
56 7 0
60 5 0
76 7 2
82 9 3
74 11 6
71 15 14
67 11 14
84 20 20
94 29 23
103 44 30
88 44 33
88 45 38
92 53 48
78 40 37
56 17 10
66 22 11
65 15 4
62 7 2
65 11 11
64 15 19
65 24 28
62 31 29
34 9 4
31 6 2
33 4 6
48 19 23
51 14 5
60 11 7
79 19 11
78 15 0
96 36 12
103 41 28
117 47 47
106 28 24
109 33 17
95 28 9
79 21 9
74 17 10
66 9 0
65 13 2
43 0 8
33 0 27
28 0 0
172 123 65
243 177 80
237 151 48
228 135 42
237 146 53
230 150 25
243 166 12
255 174 20
255 182 54
255 170 66
254 171 67
250 176 53
250 176 45
255 186 66
253 160 56
255 182 21
246 165 22
231 148 30
169 85 0
255 166 33
170 96 25
175 129 103
178 127 80
234 161 69
222 144 43
151 95 0
194 155 26
252 201 0
255 192 0
255 172 0
255 184 20
239 181 56
233 198 82
226 193 77
170 130 17
182 134 0
206 129 0
233 137 0
228 144 0
255 194 58
239 174 44
212 140 0
190 133 0
157 134 0
133 128 34
125 110 69
23 0 0
21 0 0
20 0 0
52 6 17
69 0 18
61 0 29
79 6 25
93 2 9
105 0 8
108 0 8
101 0 6
91 0 0
86 0 0
99 8 3
107 5 0
115 13 8
105 10 14
100 13 30
112 21 36
124 20 9
144 26 0
137 28 31
129 26 30
121 26 32
116 27 31
109 23 22
119 31 27
106 12 10
112 16 20
116 22 36
115 26 46
109 31 47
99 27 39
93 20 29
82 2 13
97 8 26
107 12 36
102 0 16
108 2 24
108 1 7
111 13 0
118 24 0
128 26 21
148 34 60
141 24 32
147 35 0
142 36 0
145 34 25
128 11 38
98 0 9
91 0 1
56 0 0
85 26 70
34 0 0
182 130 54
255 193 68
252 168 34
255 174 57
255 176 58
246 166 15
252 175 1
255 170 17
249 154 48
255 165 91
229 147 61
204 134 12
213 145 0
227 150 10
229 141 17
247 169 19
255 180 51
253 172 67
195 113 27
227 168 108
55 0 0
243 184 2
255 209 3
255 204 6
254 195 7
249 191 3
254 193 4
255 183 0
255 174 0
255 195 5
243 211 32
197 205 60
189 205 107
185 169 109
45 0 0
116 91 0
171 119 0
251 171 24
255 182 18
255 176 1
244 162 0
255 178 7
255 185 0
235 176 0
207 147 0
252 159 92
255 136 125
183 28 23
117 0 0
45 0 0
23 15 38
52 9 18
66 8 22
78 1 19
87 0 15
100 8 13
100 5 0
110 6 0
109 0 0
109 0 0
106 6 0
110 23 14
88 12 14
73 9 23
40 3 20
4 6 19
17 47 57
39 51 67
76 48 27
90 38 0
87 42 0
86 28 6
129 6 24
176 2 27
156 9 15
91 18 3
67 25 11
67 0 0
89 20 15
47 38 23
0 25 18
0 23 47
43 18 73
42 49 55
53 22 38
81 9 31
98 7 24
105 16 22
117 31 30
124 41 37
124 44 37
132 41 36
151 28 30
177 13 22
204 23 30
210 43 37
171 20 13
173 16 27
255 100 133
255 147 148
255 152 70
255 191 19
255 192 0
251 194 0
243 189 3
237 181 6
248 185 18
254 181 24
248 166 4
254 168 0
248 158 2
233 136 23
207 108 23
200 107 14
210 124 5
216 142 0
227 152 7
239 163 26
189 111 0
255 192 84
238 169 30
254 187 12
255 192 0
244 187 0
235 182 0
240 180 0
255 196 5
255 182 4
248 159 3
184 128 0
141 120 0
47 40 0
77 59 0
133 93 0
149 92 0
215 160 15
240 166 15
232 138 0
254 155 0
255 166 9
255 179 36
255 181 30
234 147 0
253 181 0
248 191 40
184 117 38
102 3 0
129 0 0
166 19 11
153 19 20
80 0 0
24 0 0
72 7 13
102 1 7
99 0 1
86 12 11
75 15 23
76 10 24
79 7 18
68 9 13
60 28 31
51 27 41
53 6 24
68 0 0
136 39 32
115 21 11
59 0 0
48 7 41
42 12 22
54 41 32
38 33 27
73 43 53
104 33 49
150 49 63
163 62 78
133 40 51
126 19 13
208 78 46
192 63 24
121 28 11
45 0 0
46 0 0
66 0 0
46 5 11
50 4 7
60 5 10
71 8 16
106 31 36
122 31 28
133 35 22
129 36 21
146 56 47
137 34 29
144 15 9
213 69 58
230 89 80
175 41 40
203 68 75
144 2 14
114 6 0
220 127 49
255 184 32
255 199 9
255 194 11
246 181 19
249 180 27
255 194 40
255 183 25
252 171 4
253 168 0
255 176 15
255 186 46
248 166 40
218 144 11
206 136 0
240 157 0
249 164 21
239 151 28
137 49 0
255 181 18
255 187 30
255 184 25
248 176 3
255 208 21
254 207 16
255 201 18
255 174 0
255 159 4
210 118 0
45 0 0
64 41 0
156 117 0
230 165 0
252 179 0
246 184 15
230 147 7
253 157 8
255 155 0
255 161 6
255 162 24
255 171 48
255 175 35
255 175 0
255 203 1
255 212 41
206 163 69
55 0 0
124 1 0
197 22 17
224 11 13
230 2 15
3 10 3
49 5 2
94 5 0
92 4 0
67 16 12
36 9 26
41 11 45
34 3 34
12 1 18
0 18 35
0 3 34
15 0 20
88 0 0
234 84 49
241 61 12
240 49 4
119 0 10
51 0 0
56 42 59
55 46 73
33 10 38
74 53 72
39 16 26
71 8 19
159 23 33
192 12 0
224 49 6
213 57 9
220 60 38
142 0 0
194 37 20
223 90 47
144 53 48
42 0 0
18 0 6
53 29 51
85 28 45
127 36 31
157 53 28
147 47 23
147 54 46
140 49 44
118 22 8
130 28 6
129 19 6
132 17 20
112 0 5
111 0 4
61 0 0
227 150 80
249 182 42
255 201 28
255 190 25
251 175 30
253 172 31
255 182 32
248 164 3
242 157 0
248 165 0
255 181 16
255 189 24
255 192 26
254 192 19
237 178 0
255 175 0
255 179 22
255 176 51
149 53 0
243 160 0
254 170 10
249 163 16
246 162 2
245 178 3
252 198 30
239 178 28
248 158 20
238 132 0
235 145 31
216 159 70
216 161 71
255 174 42
255 158 0
255 167 0
250 183 6
240 145 0
244 141 0
255 145 6
254 149 6
201 105 0
179 93 0
228 152 0
248 186 0
255 220 0
236 199 7
214 163 58
68 0 0
124 0 0
211 17 8
245 3 0
254 0 3
3 30 25
16 9 3
66 23 16
67 15 2
36 0 0
29 5 18
20 0 14
24 0 4
25 0 0
10 0 2
6 0 12
31 0 6
66 0 0
199 57 7
244 70 0
255 79 5
235 49 11
190 59 31
89 2 0
57 0 0
44 0 0
12 0 21
17 17 29
56 0 0
188 8 0
255 54 8
102 0 0
121 17 8
181 32 0
220 11 0
197 0 0
235 84 41
233 125 89
37 0 0
15 19 56
18 21 76
57 19 56
103 27 27
129 42 15
144 56 32
158 65 58
152 56 60
134 45 41
138 52 37
141 48 33
137 27 26
119 2 18
124 10 36
73 0 9
236 166 104
240 178 33
255 191 15
255 182 21
255 175 30
255 169 19
255 181 16
255 175 7
255 174 9
255 173 7
255 184 16
255 190 23
252 180 10
252 183 2
255 191 0
255 185 0
255 184 5
255 188 39
223 134 8
247 156 0
255 176 25
255 160 16
241 149 0
243 158 0
210 135 0
182 109 0
211 130 23
247 161 38
255 191 63
255 178 69
243 146 49
246 132 18
249 132 0
255 166 11
246 168 16
255 186 31
251 151 13
252 151 17
255 163 16
244 165 0
253 186 7
239 187 0
248 210 0
251 220 0
235 186 0
235 143 32
164 26 0
160 0 0
218 10 6
243 8 4
254 0 2
0 3 5
28 6 9
74 22 26
53 2 1
22 0 0
21 0 0
41 0 0
110 20 0
104 0 0
106 8 0
84 0 0
83 0 0
86 0 0
74 0 0
74 0 0
165 71 17
237 68 13
239 83 26
213 63 2
215 75 24
102 9 0
20 0 9
20 0 0
80 0 0
255 110 0
255 106 34
59 0 0
33 0 9
225 115 64
255 95 0
173 0 0
192 47 18
230 120 57
46 0 0
12 0 25
21 19 69
37 15 54
69 26 35
89 33 16
118 47 25
151 58 50
161 54 60
165 60 67
153 51 46
125 18 0
160 36 26
139 3 23
140 0 45
99 9 44
255 177 120
252 183 28
243 171 0
247 165 1
255 173 24
255 169 5
252 166 0
253 168 0
255 179 10
255 174 6
255 179 8
255 181 17
255 175 14
255 176 6
255 188 3
255 188 0
255 181 0
255 198 27
242 160 0
222 116 0
253 146 6
255 160 7
255 186 17
255 183 18
226 132 0
182 86 0
176 90 0
207 131 9
203 121 0
233 131 5
218 103 0
197 88 0
217 120 7
202 109 0
224 128 0
250 151 0
255 168 13
250 158 0
246 167 0
254 190 0
255 199 0
254 204 0
246 200 0
255 215 29
255 199 38
255 156 40
246 80 22
185 0 0
216 2 14
239 0 6
253 0 0
84 30 43
100 0 0
163 8 22
125 9 18
34 0 0
100 72 50
187 105 65
235 94 41
236 79 24
230 91 36
219 94 36
222 98 46
223 111 73
185 107 85
107 66 60
11 0 0
64 0 0
126 16 0
231 104 49
255 144 99
152 84 73
25 0 0
185 136 103
228 134 46
249 131 25
188 94 30
42 0 0
79 16 0
222 104 32
255 93 0
255 85 0
235 89 40
230 102 27
216 109 41
144 70 25
30 0 0
40 22 38
86 67 86
113 73 71
143 72 50
166 71 49
171 60 49
181 63 59
190 63 48
196 56 31
185 33 19
167 10 21
157 0 33
169 67 80
255 170 103
252 171 17
253 173 0
253 165 3
255 165 22
255 173 17
255 170 0
253 173 0
255 187 9
255 185 9
253 176 0
242 163 0
239 157 0
244 158 0
255 168 8
249 155 7
252 159 6
255 173 10
233 143 0
207 96 0
255 136 10
255 145 0
255 163 0
250 159 8
220 118 0
229 117 15
205 102 1
216 132 16
202 120 0
231 135 15
252 149 44
215 131 33
197 124 19
229 141 18
255 152 19
255 151 0
255 174 3
255 173 0
255 191 0
255 199 0
255 187 0
255 192 10
246 158 6
224 127 0
250 141 10
247 123 0
240 91 7
181 0 0
214 0 19
250 2 16
254 4 0
164 29 44
187 0 0
252 0 11
207 22 28
57 0 0
129 78 57
213 116 74
255 123 68
251 125 67
218 122 64
204 104 45
242 117 63
248 121 86
193 100 92
129 72 89
26 0 20
24 0 32
42 0 0
52 0 0
74 27 33
24 0 14
60 22 3
214 151 84
206 149 78
25 0 0
57 22 3
214 123 76
232 84 0
248 79 0
255 95 17
255 100 21
255 108 18
255 111 40
255 103 0
245 108 0
192 99 30
93 45 41
97 63 87
113 59 59
158 71 43
166 59 25
174 60 34
184 60 36
221 72 42
222 47 20
182 0 0
208 35 37
145 0 0
212 116 68
255 174 77
255 175 25
255 173 3
244 159 6
255 173 37
255 185 41
255 173 7
255 180 0
255 188 10
255 181 7
255 183 1
255 191 0
255 182 0
251 167 7
255 183 49
255 170 68
250 140 27
255 157 26
235 129 0
191 92 9
239 122 17
249 124 0
228 120 0
201 111 0
178 83 0
221 108 12
228 115 19
211 117 17
193 110 6
195 108 3
161 75 0
108 39 0
154 90 0
249 162 47
255 141 20
244 145 0
249 166 12
244 180 22
251 191 32
240 170 12
244 155 9
231 121 0
255 153 43
247 122 4
242 139 0
244 155 11
235 126 25
182 17 0
215 0 9
240 0 3
246 6 0
186 0 13
234 15 19
236 7 2
177 0 0
124 0 0
133 6 0
153 27 4
75 0 0
41 0 0
51 18 0
85 20 0
76 0 0
83 0 0
108 11 0
106 0 0
149 20 15
89 28 36
90 5 0
91 6 3
37 0 8
47 0 20
61 0 0
105 17 0
34 0 0
0 7 33
56 40 66
251 124 71
255 80 0
255 84 0
249 105 35
255 112 33
250 71 0
233 41 0
255 87 0
255 103 0
241 105 43
103 0 5
88 2 27
122 32 24
141 33 0
195 72 39
193 72 51
161 35 12
198 41 10
221 20 0
215 2 0
238 58 57
150 9 0
237 159 51
254 180 45
247 174 17
248 174 15
244 165 20
255 178 37
255 174 20
255 178 7
253 176 2
255 176 12
253 171 9
249 168 0
254 175 0
255 184 2
252 162 13
241 146 26
255 148 51
243 130 28
255 160 48
248 138 15
201 108 38
215 99 12
232 101 0
224 107 0
200 103 0
203 115 15
248 149 58
240 134 48
191 89 4
193 99 9
180 92 0
191 108 4
173 99 0
111 37 0
98 13 0
208 108 30
204 133 15
158 105 9
124 87 7
96 54 0
82 25 0
181 102 25
172 69 3
238 113 29
255 144 10
249 163 0
223 161 0
255 180 69
242 88 34
211 1 0
221 6 0
209 14 0
255 102 108
255 128 118
152 31 10
159 21 8
255 71 79
240 18 31
250 67 63
135 37 8
103 65 29
100 53 35
170 88 94
114 22 37
92 22 20
133 64 31
208 83 27
255 97 27
236 110 34
216 69 0
214 55 0
225 75 60
222 78 70
194 42 5
174 44 0
78 16 0
11 2 31
24 0 11
187 56 10
255 81 0
255 115 0
247 125 26
252 125 22
255 118 0
255 91 5
255 102 7
248 88 12
163 4 0
179 29 58
144 10 37
154 31 23
170 46 18
175 52 34
183 68 63
178 57 46
171 10 0
238 24 14
233 4 7
230 51 46
177 57 33
244 176 31
248 180 17
249 181 8
250 178 18
251 174 32
255 190 42
250 174 3
255 183 2
253 175 7
253 169 19
253 165 16
236 146 0
248 155 0
248 148 0
243 136 4
242 133 12
217 119 0
210 110 0
248 147 33
244 142 32
182 72 0
214 92 7
255 141 41
253 128 18
237 133 18
191 105 0
187 101 0
178 80 0
186 78 0
215 108 12
208 110 3
191 102 0
202 120 38
183 108 51
181 114 72
193 130 95
124 92 43
51 29 6
16 2 0
21 5 0
122 102 75
120 89 68
126 71 50
112 26 0
238 135 6
255 175 0
255 197 32
255 205 87
255 115 39
205 7 0
255 55 28
255 73 62
214 50 49
106 0 0
71 0 0
150 34 19
217 6 12
255 1 13
249 5 13
173 1 0
94 0 0
148 9 6
167 23 46
67 0 0
27 0 0
21 0 0
170 80 18
255 101 23
255 127 21
255 112 0
255 89 0
255 66 0
248 27 0
212 11 0
233 81 34
162 68 40
42 0 0
177 100 90
225 107 45
255 113 0
255 126 0
242 125 0
245 128 0
249 118 0
248 125 21
243 100 0
228 68 0
150 0 0
178 35 63
137 2 34
172 37 43
188 61 52
117 15 10
129 48 45
123 18 12
205 38 30
226 6 8
232 11 16
171 6 0
234 126 77
255 183 22
251 174 0
251 172 0
254 170 10
255 183 45
255 167 27
249 165 5
249 169 0
255 178 16
255 183 32
255 169 22
244 152 7
246 146 9
232 123 0
254 139 10
255 160 26
252 167 0
253 165 15
255 190 67
243 148 42
245 122 42
252 128 38
251 132 28
236 127 10
214 120 0
207 127 4
197 117 4
213 119 19
225 114 22
227 115 17
209 108 4
167 82 0
150 76 15
142 81 53
128 88 76
58 34 22
1 0 18
5 0 27
3 0 26
0 0 14
22 37 40
48 72 74
1 2 0
111 62 29
235 143 58
255 157 33
245 164 31
255 190 78
255 156 75
238 68 19
231 11 0
248 5 9
193 24 21
137 0 0
157 15 3
171 10 0
214 8 8
246 0 5
253 0 4
253 0 3
237 3 4
216 0 7
166 0 6
70 0 0
20 0 0
1 3 0
31 0 0
108 15 0
57 0 0
202 112 34
248 120 23
255 98 22
246 50 0
254 83 40
216 97 55
122 41 14
58 0 0
229 139 104
238 129 34
254 133 0
255 131 0
255 127 0
251 130 0
248 141 0
232 146 27
255 130 0
255 112 0
225 92 23
63 0 0
137 44 73
154 26 49
151 24 33
148 68 67
58 4 0
137 38 19
193 12 5
226 4 15
209 15 16
141 6 0
255 180 79
255 175 6
255 165 0
255 161 0
255 162 5
255 160 22
255 150 28
255 160 36
255 163 23
254 167 10
253 171 9
255 179 25
255 184 46
255 167 37
251 147 16
255 161 23
255 145 2
253 168 0
254 165 9
255 165 36
182 85 0
177 82 14
197 106 25
173 93 0
161 87 0
147 81 0
152 88 0
176 104 4
194 105 15
216 113 34
215 114 34
206 120 35
169 98 18
150 90 36
108 66 41
16 0 0
6 7 0
1 2 46
3 0 32
8 0 21
2 0 16
0 19 26
0 27 24
0 7 0
111 74 55
173 86 56
134 30 0
179 99 26
219 172 90
138 83 16
141 19 0
236 14 9
251 0 0
226 12 10
212 0 0
238 0 0
213 0 0
205 0 0
204 0 0
233 7 9
236 3 9
224 7 16
188 0 14
166 24 36
111 32 38
40 21 23
9 16 24
25 7 29
34 0 16
4 0 16
14 0 0
54 11 0
146 73 41
150 59 32
124 43 13
39 0 0
24 0 0
26 0 6
145 79 57
231 137 39
255 142 1
255 138 9
247 126 22
253 139 24
253 149 2
234 148 27
255 128 0
255 130 0
218 120 29
43 7 0
93 40 56
171 57 80
168 40 53
105 15 14
88 11 0
167 32 12
214 10 3
225 11 23
156 0 0
215 113 38
254 179 36
255 173 5
255 169 3
255 163 0
255 153 0
244 133 0
248 134 12
254 139 30
253 147 25
254 158 11
249 161 0
248 163 8
243 153 15
242 148 16
245 144 10
252 149 12
246 138 3
243 147 0
255 165 12
255 180 46
228 125 6
94 59 21
114 78 20
108 69 0
125 85 24
129 88 42
97 51 2
120 60 0
129 53 0
129 44 0
154 72 22
152 81 17
153 90 13
129 72 1
95 53 5
33 13 0
11 13 0
3 0 11
8 0 7
34 14 26
56 38 54
41 31 40
81 77 68
78 64 38
112 70 46
227 153 142
213 132 128
136 80 63
18 3 0
13 3 0
114 39 0
199 12 0
255 4 0
254 0 0
255 1 0
252 0 0
254 0 8
236 5 11
197 4 0
183 32 21
160 51 44
126 39 45
87 9 22
76 10 20
106 67 72
53 42 48
4 0 9
59 26 45
138 76 99
62 52 76
103 83 108
84 60 82
8 0 5
4 0 0
6 0 0
11 3 14
2 1 43
2 3 51
24 0 8
129 58 12
217 122 40
226 137 55
236 159 87
203 120 42
219 120 27
241 150 45
246 130 31
216 104 22
137 71 21
59 32 11
120 75 70
139 41 40
138 8 10
176 42 43
189 40 36
197 4 0
229 9 9
196 3 4
153 22 0
255 178 82
255 190 36
251 184 31
250 180 20
255 178 10
255 172 4
255 165 6
255 150 9
255 146 16
255 145 17
255 149 14
255 153 9
255 158 13
242 145 6
239 138 8
244 140 17
244 138 18
245 136 19
255 160 6
255 164 10
255 165 15
232 130 0
35 34 14
67 58 19
74 52 2
94 59 21
85 43 21
90 42 19
117 60 17
124 57 4
123 47 0
145 69 20
136 61 0
156 79 0
170 90 0
179 110 33
162 116 67
106 81 51
31 7 0
49 28 9
88 67 66
21 0 10
25 0 12
45 5 16
83 48 28
163 123 87
155 101 75
86 31 24
38 3 0
115 106 75
161 150 88
157 94 25
190 49 0
220 21 0
253 0 0
247 5 3
240 8 8
247 0 8
250 3 12
184 0 0
96 19 1
22 30 9
9 36 29
27 27 37
66 43 59
38 16 28
18 0 3
44 10 8
152 86 72
210 120 96
119 62 55
48 0 0
137 70 88
28 0 0
7 0 0
6 0 0
13 0 16
10 0 34
3 0 30
15 0 15
41 0 0
48 0 0
36 0 0
24 0 0
34 0 0
54 0 0
182 117 61
59 0 0
54 0 0
71 6 0
96 39 32
104 43 24
153 67 42
205 76 57
227 52 49
210 0 3
231 2 9
208 1 0
168 7 0
249 136 68
255 179 65
255 189 42
255 201 66
248 184 34
242 173 8
255 184 16
254 165 3
255 158 2
255 160 10
255 143 5
255 140 13
255 159 34
255 152 18
247 137 0
254 145 16
255 156 41
255 164 53
255 169 58
255 184 28
255 178 19
255 173 14
248 150 0
61 36 5
78 47 0
102 58 0
125 62 8
147 73 26
151 78 23
152 82 10
159 87 2
171 86 3
201 106 24
201 98 5
237 126 18
243 129 15
234 128 28
241 158 82
205 141 80
141 91 58
146 121 81
114 100 74
20 0 11
188 140 200
178 137 193
17 0 5
116 96 61
103 62 16
72 24 0
89 50 9
140 105 39
225 169 76
241 145 43
206 89 0
197 76 0
217 0 0
209 0 0
236 12 10
249 1 2
241 2 7
159 3 4
28 0 0
0 15 0
0 11 0
8 0 1
76 37 55
173 129 142
140 87 81
189 118 90
225 134 90
239 141 92
218 129 121
232 133 114
231 126 96
224 130 94
232 152 125
204 129 123
173 94 99
199 121 121
202 132 124
210 145 143
142 78 95
129 72 107
138 100 137
107 87 112
126 109 125
98 76 88
99 93 105
56 23 14
136 66 40
216 121 99
150 61 47
89 16 0
192 113 83
175 46 14
220 28 13
225 0 3
205 0 0
176 7 0
229 102 25
255 165 47
247 154 14
255 169 17
255 173 49
240 154 19
242 154 5
255 174 23
244 148 1
249 148 8
255 148 17
241 128 0
252 134 8
255 148 19
255 151 16
255 145 7
248 138 1
255 152 20
255 166 39
254 150 27
249 155 0
255 161 5
255 183 31
250 155 3
130 63 10
145 80 12
158 86 4
190 98 11
255 154 62
243 145 44
195 110 0
204 120 0
218 120 0
239 120 0
246 115 0
250 114 0
248 109 0
243 111 2
206 93 0
189 95 8
157 85 70
107 76 29
33 27 0
16 0 6
51 11 97
28 4 100
0 0 37
4 4 0
124 89 35
125 67 4
102 47 0
149 85 0
203 101 0
255 123 0
249 132 16
203 119 5
199 14 9
206 0 0
239 0 0
254 1 0
233 14 12
127 4 6
32 6 5
0 3 0
75 53 39
41 0 0
158 86 100
167 91 103
119 32 15
195 92 47
216 112 59
124 32 0
157 63 81
173 74 43
255 149 75
255 148 74
255 138 96
255 153 134
255 147 120
255 155 110
255 146 97
255 149 113
209 121 117
156 91 125
142 91 158
100 64 136
60 52 99
6 23 39
0 7 69
55 41 38
168 81 14
243 120 52
221 116 86
154 79 73
176 98 76
194 66 27
205 18 0
198 0 0
173 0 0
239 103 45
252 146 34
248 148 0
252 149 0
255 158 0
255 147 26
235 119 0
242 130 2
243 135 1
244 137 7
234 124 11
240 126 27
242 127 20
249 134 5
251 138 0
249 136 0
252 141 0
254 148 0
255 158 3
252 156 7
238 142 3
239 147 0
241 147 0
255 168 30
214 118 0
249 128 35
246 112 13
255 116 6
255 120 0
249 125 0
249 136 0
245 135 0
227 121 0
205 101 0
204 93 0
234 114 0
224 106 6
223 129 55
170 116 72
44 25 10
110 108 109
64 60 83
0 0 12
0 8 5
0 8 0
0 7 0
0 2 11
6 0 16
107 71 75
203 131 93
199 98 6
241 124 0
249 132 0
238 130 6
244 146 37
242 147 41
220 125 15
219 116 37
255 32 0
253 0 0
165 13 38
11 5 19
8 0 0
183 66 48
248 96 82
104 27 9
75 49 12
159 79 26
239 91 45
200 70 48
193 134 118
44 7 0
52 0 0
0 3 1
1 0 0
11 0 0
17 0 0
120 95 90
142 114 102
41 0 0
229 142 75
230 134 50
129 69 7
1 3 0
0 13 10
0 4 0
22 0 0
32 0 0
31 0 6
0 0 35
90 62 50
172 100 50
236 143 100
250 154 129
243 135 99
223 76 22
223 34 0
191 0 0
149 0 2
197 95 47
255 176 58
255 160 9
246 127 0
252 136 0
255 157 17
243 154 2
254 145 2
255 131 0
253 124 4
255 133 23
255 130 25
252 114 13
252 133 29
255 165 58
248 174 65
255 175 69
248 143 38
250 134 25
255 167 46
255 164 28
239 153 6
255 164 8
255 166 22
255 157 29
231 128 9
237 121 20
237 112 4
246 114 5
253 120 15
252 125 18
255 145 24
255 141 10
246 131 2
255 147 32
247 135 33
236 123 21
210 100 3
188 96 13
107 36 0
102 48 0
125 80 15
95 58 32
60 26 0
51 24 0
53 27 12
23 0 0
22 0 0
86 46 34
147 93 47
166 84 8
195 87 0
246 121 13
255 144 31
236 125 9
216 116 2
203 107 4
221 124 27
218 147 65
249 77 15
255 24 0
184 23 15
34 0 0
14 0 0
161 84 68
242 126 87
142 54 4
242 185 142
238 158 133
219 92 73
143 13 0
255 181 119
202 149 71
127 86 4
8 0 5
0 1 13
0 1 18
0 0 17
22 0 0
48 0 0
151 62 4
225 128 73
226 144 120
32 0 0
6 0 16
12 26 37
20 33 39
91 91 99
134 123 139
50 35 56
76 61 92
35 0 0
158 67 36
172 59 19
217 100 67
216 94 70
163 15 1
170 0 0
164 0 0
197 41 18
255 165 86
245 149 26
251 149 12
252 135 6
237 118 0
255 141 12
246 147 2
254 142 4
255 132 2
236 112 0
255 133 19
255 126 22
250 116 17
255 135 28
242 145 30
255 171 59
255 177 74
255 152 51
255 147 27
250 143 5
244 144 4
250 156 20
235 134 4
252 149 31
255 177 76
231 128 33
230 111 0
243 120 0
241 114 0
231 104 0
250 124 21
251 126 8
254 129 0
255 147 24
255 159 62
242 140 58
192 92 7
160 63 0
149 59 0
167 81 0
193 106 0
207 113 0
191 117 44
148 75 6
133 60 5
136 59 29
154 72 60
195 114 95
185 109 57
180 105 14
184 92 0
209 96 2
214 88 4
240 114 27
242 130 28
195 97 0
180 86 0
189 94 12
156 108 23
202 86 1
255 78 4
204 36 0
101 0 0
47 0 0
53 0 0
207 107 57
255 152 86
235 151 114
169 92 86
121 24 5
216 94 19
255 155 35
255 174 58
244 192 106
229 189 190
6 0 7
0 9 35
30 32 55
151 104 96
225 126 69
255 189 109
226 128 79
72 10 23
22 0 41
16 0 43
8 0 18
4 1 8
0 0 11
117 118 136
24 19 41
33 0 1
146 73 82
181 74 64
152 23 0
150 10 0
142 1 0
136 0 7
145 0 6
177 26 0
247 106 27
242 115 0
246 131 4
248 136 10
249 136 14
243 125 2
254 132 9
252 142 1
255 138 6
255 146 18
248 133 6
231 117 0
232 112 2
255 135 34
255 136 25
246 138 14
243 144 27
220 118 17
218 109 6
249 137 9
255 153 2
255 154 9
255 166 41
231 123 12
229 121 22
255 152 70
176 66 0
254 124 2
253 123 1
250 122 0
244 125 0
255 154 23
255 156 24
247 130 0
216 107 0
163 67 0
157 63 0
196 98 9
223 126 32
228 137 30
230 140 18
248 147 15
252 138 3
203 113 25
185 96 14
215 123 50
160 62 1
184 80 27
212 110 48
192 99 21
164 77 0
188 97 6
188 86 4
229 117 45
236 125 53
204 105 24
194 105 23
195 112 34
169 86 16
147 91 8
196 102 14
254 118 30
255 105 34
198 56 16
162 26 10
232 90 76
246 103 73
234 110 76
182 90 67
56 0 0
220 140 79
241 138 17
255 159 12
255 178 62
204 104 29
255 195 160
107 65 51
16 0 0
123 85 74
255 179 133
236 126 49
225 119 35
193 114 55
36 0 0
27 0 11
25 0 19
177 139 152
195 152 143
54 9 0
38 0 0
142 89 107
233 147 146
210 115 119
241 131 134
143 14 9
145 0 0
151 1 3
138 0 0
156 30 0
240 125 32
255 160 31
251 127 0
255 133 4
255 139 7
255 163 27
250 139 6
242 128 3
251 136 0
255 148 17
250 132 9
255 154 26
255 148 17
235 120 1
234 116 8
225 105 0
243 129 5
255 151 29
255 153 44
255 149 40
238 125 0
255 146 1
255 149 12
255 147 29
255 155 34
237 120 14
255 136 44
184 65 0
240 117 14
253 131 32
251 134 28
220 110 0
218 110 0
198 89 0
204 95 0
170 72 0
233 143 5
243 147 11
238 127 9
255 143 34
237 132 15
238 141 10
241 138 7
245 131 9
185 91 4
205 113 30
241 146 64
173 74 0
201 97 0
211 107 10
209 110 29
191 99 34
174 88 27
154 67 0
181 94 23
197 116 51
162 89 38
163 99 55
152 91 44
150 91 35
177 110 39
201 116 51
238 142 82
247 150 95
208 94 44
211 52 13
215 8 0
218 8 7
165 0 3
87 0 0
233 137 89
255 173 80
253 169 44
213 129 7
220 116 27
251 122 65
184 107 25
56 0 0
129 60 19
191 110 45
231 136 46
208 114 26
166 92 17
239 191 109
230 195 105
66 27 0
39 0 0
244 176 173
255 195 169
255 157 111
212 94 68
255 128 138
242 123 115
129 14 11
118 1 9
120 0 8
143 3 14
140 0 0
190 57 0
235 125 12
243 147 0
248 149 0
255 142 2
255 141 8
255 138 0
250 136 0
242 132 0
248 141 11
255 147 0
255 145 12
233 117 0
253 138 11
252 138 5
252 139 11
255 149 33
238 124 12
241 124 8
255 153 30
255 145 25
255 131 17
229 108 0
255 144 24
255 163 44
255 154 39
249 127 0
237 112 0
255 129 26
222 98 0
184 100 38
172 86 25
164 72 7
170 74 0
203 97 19
219 106 26
246 135 45
247 147 27
255 168 16
255 164 3
251 119 0
252 112 0
255 139 18
249 137 11
241 129 3
229 109 0
203 98 6
189 88 0
208 108 20
190 91 0
205 101 0
244 139 34
255 157 82
237 142 94
198 114 68
171 97 36
134 71 2
101 50 0
80 40 15
85 51 42
81 50 30
104 74 38
134 84 35
136 80 53
101 54 46
43 15 1
51 10 0
197 93 56
245 62 44
220 2 3
209 5 6
197 21 0
214 58 7
255 129 61
255 189 118
255 212 148
254 179 122
255 166 114
246 156 60
230 136 66
253 154 89
232 130 45
202 103 1
223 135 46
255 211 140
255 215 127
247 198 80
212 139 34
255 179 130
224 121 112
162 70 49
226 125 81
237 96 68
172 0 0
140 0 0
144 0 0
137 0 0
140 4 6
128 0 0
207 82 24
255 151 46
255 148 8
255 151 0
253 151 4
250 148 4
250 140 1
253 136 0
247 125 0
243 124 0
247 134 6
254 141 0
250 139 5
235 122 0
232 113 0
246 121 0
253 134 6
255 154 35
254 146 35
245 129 16
255 132 11
255 124 0
251 120 4
238 109 8
230 101 9
243 119 19
248 130 20
235 112 0
249 125 9
250 126 26
208 83 0
37 0 0
41 0 0
50 0 0
182 94 70
220 109 89
213 89 61
239 118 63
240 136 39
252 155 24
244 135 0
255 127 0
255 131 16
255 132 26
216 98 0
250 130 10
255 140 14
220 106 7
205 95 8
211 105 29
211 109 25
207 105 7
187 84 0
186 84 10
151 55 5
133 46 3
113 41 0
133 81 31
97 66 38
22 7 10
1 0 11
4 0 0
15 10 0
56 42 15
40 28 30
6 6 32
0 13 33
11 32 25
11 0 0
169 91 78
243 97 84
238 44 17
229 16 0
226 20 0
156 0 0
132 8 0
183 96 79
220 144 110
202 121 74
225 86 21
255 119 64
255 137 84
255 165 104
255 149 82
241 119 54
245 137 75
237 143 71
226 121 38
232 91 20
255 113 77
151 19 15
50 0 0
41 0 0
110 0 0
175 0 0
166 0 0
157 0 0
172 2 0
166 17 0
248 127 46
255 164 53
255 142 20
255 136 18
230 103 0
235 124 0
244 148 1
239 143 0
240 127 0
223 95 0
242 111 3
252 125 10
243 126 0
238 129 0
244 135 4
255 133 6
253 123 1
239 112 0
243 129 14
255 159 45
252 137 20
244 118 0
255 129 3
251 120 4
244 110 15
250 115 33
241 111 23
216 94 0
222 102 0
231 112 12
243 121 38
196 74 0
130 86 37
150 97 53
159 87 49
124 30 0
121 3 0
125 0 0
136 18 0
126 32 0
135 56 0
176 89 0
244 138 54
227 114 38
201 98 19
198 100 11
213 104 9
220 96 0
191 91 15
167 71 11
165 74 27
179 92 38
173 90 14
163 79 0
164 78 3
157 69 19
167 83 47
147 74 42
109 59 36
71 50 47
0 1 22
0 5 31
19 29 38
29 35 23
45 48 39
25 34 43
23 35 59
15 32 52
2 25 31
9 36 31
16 27 13
104 62 40
213 96 61
237 61 20
255 62 30
212 28 16
161 3 4
103 0 0
93 0 0
129 4 0
210 0 0
207 3 0
195 7 0
199 18 0
191 9 0
255 92 69
255 88 52
153 0 0
182 0 0
209 0 0
195 0 0
150 12 12
69 15 29
20 0 8
96 16 15
155 6 0
172 8 0
179 10 0
229 67 3
255 137 30
255 160 19
255 170 24
240 128 2
229 100 0
220 88 0
207 94 0
242 148 0
244 150 2
237 124 2
242 114 15
232 102 4
240 115 7
246 120 7
235 122 2
226 123 0
252 137 12
253 122 6
252 120 12
242 121 14
247 136 21
250 135 10
239 114 0
255 127 4
243 116 3
253 121 21
255 136 46
227 96 6
226 98 7
225 107 0
227 107 10
255 138 57
203 83 7
188 108 11
232 143 59
243 142 60
255 167 73
255 146 45
227 101 14
151 42 0
127 45 0
153 89 25
55 0 0
118 31 0
89 0 0
144 69 4
152 86 8
159 84 19
199 106 65
159 99 63
118 60 36
149 92 73
170 116 78
162 109 43
183 128 45
181 119 46
196 125 79
198 122 96
148 79 63
87 39 29
62 41 50
8 9 37
0 13 42
6 16 28
28 30 25
40 38 39
46 42 39
55 47 44
64 48 49
51 35 36
50 50 42
42 60 46
32 50 36
51 33 19
168 92 66
199 74 30
192 45 0
206 54 15
234 74 58
200 18 17
207 7 9
249 0 3
237 0 0
236 5 0
225 0 7
211 0 5
238 21 32
255 53 49
207 0 0
232 2 4
241 2 5
215 12 6
152 22 20
74 14 24
28 0 0
146 70 46
116 0 0
133 0 0
234 102 37
255 142 22
255 164 13
250 146 0
251 145 0
249 130 2
238 108 0
233 107 0
233 121 0
244 143 1
254 149 6
246 128 5
233 107 5
222 103 0
214 104 0
251 113 6
231 113 5
197 93 0
234 128 10
255 133 17
245 113 5
230 103 0
220 100 0
255 136 6
251 127 0
253 129 3
238 117 4
240 113 6
255 145 39
255 151 51
244 116 25
255 140 16
255 144 32
251 131 36
190 71 0
232 116 0
244 124 1
255 131 10
255 127 0
255 131 0
242 120 0
231 125 23
215 133 51
191 122 47
173 92 29
205 105 53
173 72 16
153 75 0
134 77 0
56 0 0
96 29 13
25 0 0
25 0 0
25 0 0
56 21 0
90 50 0
97 53 0
109 61 0
114 58 0
106 42 0
99 34 4
94 41 25
73 43 41
21 13 26
32 33 51
34 30 44
48 35 44
33 22 28
50 27 19
61 28 9
86 47 32
94 51 42
78 38 28
70 51 37
36 49 40
12 42 40
61 70 49
127 86 32
159 77 1
162 60 0
163 40 7
177 12 8
203 0 6
217 8 4
215 6 0
215 3 0
221 7 15
210 3 21
195 0 16
192 6 19
199 12 23
203 6 13
193 2 0
165 3 0
117 0 0
59 0 0
100 25 4
193 104 36
230 123 9
152 56 31
194 100 13
240 146 0
239 139 0
255 144 6
249 129 7
248 120 0
255 126 0
255 132 8
255 141 15
255 148 13
255 135 3
212 85 0
229 103 1
217 102 0
217 113 0
255 117 1
225 99 0
198 94 0
219 117 9
249 135 13
246 120 0
247 119 10
255 149 39
255 135 9
255 136 0
248 127 0
242 122 2
230 106 0
255 132 15
255 144 34
249 125 25
251 137 4
248 132 11
243 126 21
203 87 0
255 133 0
254 127 0
254 123 0
240 109 0
255 126 0
255 136 3
246 131 6
251 147 32
239 138 34
239 125 29
246 115 24
255 130 33
245 142 41
224 147 55
190 123 55
148 77 33
30 0 0
59 21 0
72 27 0
87 31 0
146 81 25
166 98 35
152 86 8
141 77 0
148 80 0
151 80 14
142 78 32
120 71 39
94 64 40
55 33 22
63 33 41
46 8 31
38 29 34
69 41 38
79 39 27
82 45 29
89 55 43
104 61 55
99 55 52
54 34 25
46 59 41
37 58 25
29 28 0
90 61 5
131 85 33
126 63 20
132 34 5
181 52 30
141 12 0
157 19 0
141 0 0
139 0 0
137 0 0
142 2 5
137 1 13
120 0 6
95 0 0
139 22 0
181 61 8
173 58 13
103 0 0
240 144 94
250 151 49
255 149 0
187 108 78
134 49 0
255 163 30
249 137 0
246 120 9
251 122 21
255 131 22
255 128 10
255 120 2
255 127 8
255 126 0
248 113 0
225 94 0
230 103 10
238 117 10
242 128 0
255 116 0
251 123 16
228 119 28
206 103 0
232 122 0
250 129 0
255 130 9
249 124 6
252 128 4
253 130 0
255 138 8
255 142 20
254 128 8
230 104 0
221 100 0
247 132 23
238 126 0
224 113 0
244 132 34
179 68 0
244 126 0
252 131 0
252 130 5
255 133 21
255 127 18
254 120 5
241 109 0
255 131 0
255 148 21
255 128 9
255 117 2
241 106 0
226 108 0
227 125 25
215 116 22
214 111 16
176 105 23
175 100 17
198 115 35
197 98 30
239 129 68
255 154 83
223 123 29
200 113 0
192 108 0
195 109 10
199 114 33
170 96 23
137 76 9
116 62 15
112 54 40
103 39 53
73 53 54
87 57 57
105 70 64
100 71 55
89 66 52
90 61 63
107 70 78
103 64 57
65 37 0
69 53 2
77 62 23
75 49 24
86 49 20
110 62 14
122 62 2
158 88 26
214 119 63
246 145 93
247 140 96
160 55 23
94 0 0
110 11 6
100 8 13
57 0 0
149 75 46
244 156 92
255 147 62
252 133 53
212 100 34
184 82 7
245 137 26
237 115 0
137 42 0
210 105 24
238 119 17
252 121 13
242 109 6
213 81 0
234 103 0
246 109 5
252 106 3
255 111 2
255 122 5
245 114 0
252 123 22
235 107 10
244 118 7
231 107 0
255 116 0
255 127 7
222 107 1
217 108 3
245 135 14
255 143 11
255 149 14
245 122 0
230 111 0
246 126 4
240 115 0
253 122 4
248 115 0
246 120 0
215 98 0
241 134 18
248 135 13
246 134 26
255 150 56
173 61 0
239 117 0
247 125 0
245 125 3
244 125 7
246 125 10
248 119 2
255 128 5
228 99 0
236 119 0
225 112 0
212 99 0
213 100 4
193 86 0
202 94 0
240 120 7
250 117 0
240 134 25
246 138 40
255 141 56
255 134 55
245 106 21
240 102 1
252 125 10
237 126 8
236 135 21
202 104 0
209 108 0
210 112 3
198 106 5
174 87 8
156 70 21
184 97 70
159 100 84
103 51 37
67 22 3
94 53 25
94 57 31
54 20 19
88 56 71
84 44 44
108 58 23
130 75 21
149 95 51
173 112 83
173 97 61
207 114 53
215 118 39
194 100 13
217 91 14
243 116 39
246 118 47
176 49 0
120 1 0
104 5 8
93 12 18
57 0 0
152 58 0
255 149 53
255 143 28
234 113 0
233 122 17
218 106 6
231 106 0
231 91 0
235 110 4
250 119 28
209 75 0
230 97 6
236 108 0
237 111 0
243 113 0
230 99 0
218 90 0
239 118 14
243 125 19
224 103 0
243 117 6
254 127 10
251 127 1
255 135 2
255 135 0
255 139 5
234 116 0
255 141 27
249 135 21
231 113 0
241 121 0
255 145 4
250 132 0
242 123 7
233 106 1
249 114 9
255 125 13
255 127 10
241 124 8
251 141 26
251 132 2
255 148 33
255 136 35
196 77 0
255 132 10
246 116 0
245 120 0
249 133 0
255 150 15
249 126 0
255 127 9
255 135 17
219 110 0
208 112 0
218 126 27
190 99 10
193 98 6
219 114 9
249 124 8
255 117 0
249 122 7
255 134 31
255 148 57
249 123 23
226 90 0
255 114 0
255 137 12
239 118 11
235 128 32
215 112 11
218 110 0
227 114 0
232 116 7
211 98 4
202 95 13
188 85 8
214 108 56
218 130 80
138 65 14
129 53 3
137 62 22
101 40 22
85 41 42
78 35 29
148 87 59
161 80 33
153 64 8
174 74 15
189 71 1
255 136 51
255 134 43
244 95 3
222 63 0
243 87 0
255 108 15
186 23 0
139 0 0
129 11 25
109 16 27
95 0 0
189 52 0
255 129 19
255 121 0
244 124 0
233 122 0
246 122 6
255 119 18
255 125 34
255 119 0
248 106 0
237 106 16
214 91 0
235 114 0
255 136 7
255 127 0
230 106 0
200 88 0
216 113 8
209 102 0
207 89 0
238 109 0
255 136 6
255 139 4
251 137 2
255 142 8
255 133 0
255 139 9
240 124 3
246 132 20
212 95 0
236 111 0
255 142 3
255 147 11
248 129 11
220 96 0
239 106 13
254 121 18
255 142 27
239 116 0
228 109 0
246 116 0
254 124 0
250 119 11
213 84 0
247 119 0
255 136 8
255 134 1
224 108 0
229 116 0
255 138 15
253 124 7
245 118 3
233 116 2
242 136 18
232 127 9
222 117 0
216 109 0
231 117 2
255 132 17
250 111 0
249 116 0
234 113 0
230 124 4
248 141 11
255 135 0
255 131 0
255 156 36
248 131 28
204 104 10
198 101 6
255 150 48
255 163 61
242 114 17
231 104 7
239 124 18
244 136 25
246 116 22
226 107 15
211 100 18
172 61 0
174 68 18
135 51 15
51 0 0
144 79 47
188 103 62
186 81 34
155 46 0
191 79 3
249 119 21
255 115 6
255 103 0
255 102 10
255 132 0
255 130 5
255 122 24
192 39 0
142 0 0
134 7 14
125 14 21
110 0 0
164 19 0
255 117 25
255 125 0
249 134 0
237 126 0
255 134 18
244 113 7
251 118 13
255 114 0
255 115 2
255 136 27
254 136 26
249 124 4
255 130 3
255 122 0
245 119 8
219 102 0
222 110 2
237 118 2
254 123 5
254 117 1
253 116 0
255 136 9
243 119 0
248 135 3
255 131 5
252 126 5
241 122 2
211 100 0
221 103 0
243 111 3
255 124 2
255 146 10
255 140 14
218 100 0
224 99 15
238 113 20
237 111 0
252 124 0
255 123 0
246 113 0
243 108 0
251 115 16
207 72 0
250 130 10
254 131 1
255 137 4
249 130 12
224 109 3
241 120 13
255 130 12
240 104 0
242 107 0
236 104 0
255 138 0
255 137 0
255 137 0
255 139 14
250 121 2
255 130 6
255 136 11
254 141 3
255 175 22
252 163 7
255 149 5
255 136 10
252 126 15
198 87 0
191 98 0
198 110 12
244 143 53
226 105 24
251 119 36
255 165 68
255 163 50
244 136 10
231 96 0
222 89 0
239 106 5
212 81 3
203 86 32
196 108 62
216 143 92
178 90 27
222 108 45
228 104 52
233 119 67
243 135 62
237 116 11
248 110 0
243 103 0
237 104 11
237 148 0
252 158 22
255 157 61
177 59 9
121 0 0
139 14 8
129 7 6
103 0 0
167 37 24
255 138 74
255 133 7
247 132 0
255 144 9
255 156 45
244 127 14
206 89 0
234 83 0
235 100 0
242 123 3
245 127 4
241 111 0
246 105 0
249 109 0
255 136 39
255 129 35
255 121 13
255 113 0
255 114 0
255 116 12
254 109 18
251 111 0
255 126 0
246 135 2
242 119 0
232 104 0
235 119 0
204 95 0
220 102 0
255 118 23
230 85 0
255 127 0
255 144 9
193 81 0
220 104 21
210 90 4
183 58 0
255 125 0
255 120 0
255 122 9
255 123 24
243 107 23
198 62 0
244 147 6
254 151 0
251 149 0
247 156 3
250 164 25
250 151 21
252 127 0
255 121 0
255 121 0
255 139 1
255 146 5
252 137 0
255 136 0
255 138 7
255 140 8
255 154 16
255 134 0
255 141 0
248 158 2
246 162 4
247 145 0
255 135 8
255 129 11
249 127 0
253 151 0
248 160 0
255 174 20
246 153 24
240 146 32
250 160 40
226 139 6
227 142 0
250 137 0
255 151 7
241 143 0
253 179 18
255 197 38
252 177 32
255 175 36
254 145 0
255 145 0
251 134 0
251 130 0
255 152 23
248 147 13
255 177 31
255 176 34
229 137 4
243 111 0
255 110 17
255 93 46
185 22 5
138 0 0
137 11 0
134 13 5
118 0 0
171 22 0
255 133 54
255 161 10
253 183 0
246 197 0
241 184 0
254 177 13
255 170 26
254 145 14
219 117 0
202 102 0
232 124 23
236 113 19
231 97 0
255 119 13
250 109 0
254 116 0
255 137 16
251 124 9
240 119 6
221 104 0
215 98 0
211 90 0
219 96 16
226 79 0
229 91 3
216 97 29
144 41 0
213 105 14
206 79 0
171 32 0
204 78 19
199 95 10
201 98 0
217 93 0
255 110 27
255 131 48
239 111 10
227 110 0
222 107 0
255 114 0
249 113 0
255 132 26
211 93 0
255 150 23
255 175 53
255 145 22
247 125 0
255 155 14
255 162 27
243 126 0
255 127 0
253 127 0
249 128 0
250 132 0
247 133 8
249 140 11
234 126 0
255 144 11
255 129 2
255 125 0
255 141 7
255 165 17
255 159 2
251 139 0
255 128 1
255 128 13
255 146 19
253 149 0
255 161 0
255 156 2
255 170 37
255 203 80
255 175 50
253 162 32
255 183 53
255 148 13
255 146 15
250 149 17
250 176 29
244 183 30
253 176 34
249 146 17
255 151 23
255 157 21
255 162 34
250 140 29
253 140 38
255 179 63
255 197 63
255 199 64
255 167 41
253 115 0
254 108 7
255 117 52
209 46 13
147 0 0
144 8 10
144 15 20
127 0 0
153 12 0
255 128 43
255 163 37
255 173 20
254 172 10
255 178 19
255 156 7
250 140 1
255 151 5
246 139 1
222 124 1
233 121 11
240 107 4
247 106 0
249 118 2
250 124 4
243 112 0
231 104 0
204 89 0
230 123 7
220 108 0
217 92 0
213 87 3
201 79 2
229 104 14
215 93 10
200 83 3
205 94 2
216 105 0
233 113 1
226 99 0
234 109 17
216 92 2
196 67 0
236 96 0
255 118 22
255 134 43
243 120 26
215 97 1
219 101 1
232 95 0
211 83 0
243 128 39
194 85 2
240 124 11
247 114 11
255 109 9
251 106 0
254 126 0
239 122 0
248 133 14
237 121 0
239 121 0
245 121 0
249 120 0
242 118 6
243 130 8
234 127 0
245 125 0
255 121 0
241 118 12
255 158 37
255 150 7
249 141 0
255 143 0
253 135 3
236 123 3
226 123 0
246 146 0
249 142 0
244 135 0
255 159 12
246 166 17
255 180 34
255 181 49
255 158 41
253 144 15
255 138 24
246 138 29
253 171 46
255 191 50
249 163 24
228 116 0
247 132 17
255 173 60
255 177 70
241 134 38
219 100 6
250 144 35
242 153 27
255 166 38
246 137 16
229 90 0
218 79 0
255 126 40
213 56 1
156 0 0
154 2 14
149 8 24
139 0 0
162 22 0
255 135 44
255 175 72
255 173 63
255 145 26
254 129 3
241 119 0
212 99 0
255 127 0
254 137 0
212 106 0
240 120 0
241 106 0
243 109 0
250 129 0
252 130 7
250 120 8
222 96 0
214 105 0
227 127 5
245 131 19
236 101 9
203 64 0
211 80 0
228 114 41
255 152 65
241 124 21
226 109 0
255 144 19
255 144 3
255 150 9
253 128 8
255 117 26
210 64 0
215 71 0
250 114 6
222 96 0
195 76 0
235 117 29
226 107 13
219 90 0
247 128 38
246 140 62
116 15 0
243 127 4
255 126 6
252 116 0
255 123 0
255 135 15
255 135 23
255 137 29
255 153 38
255 147 20
255 141 12
255 138 19
239 102 0
255 124 1
255 136 2
246 130 0
229 115 0
240 128 18
253 139 15
255 144 0
254 146 0
251 147 0
255 154 10
243 139 4
232 132 0
248 149 3
250 150 0
255 170 17
255 181 14
255 196 16
255 185 9
231 136 0
218 101 0
224 105 0
232 107 0
255 142 44
255 185 78
255 187 58
240 139 0
252 128 0
255 136 10
255 168 47
235 136 16
212 96 0
216 81 0
221 91 0
254 136 12
236 117 0
228 101 0
235 114 25
240 125 34
241 119 33
222 79 13
159 0 0
169 4 11
161 5 18
143 0 0
169 15 0
255 128 42
239 113 13
229 111 5
255 136 24
253 118 1
231 111 0
239 137 36
255 127 13
251 122 0
255 128 0
255 134 1
255 135 5
255 143 11
255 139 5
255 134 4
255 116 0
255 128 14
255 140 19
248 139 12
255 136 15
211 73 0
233 86 0
255 110 17
249 118 28
255 148 44
255 144 27
248 123 3
255 140 14
250 138 0
245 132 0
233 106 0
255 119 31
243 101 19
217 87 0
238 118 8
221 99 0
213 89 0
194 74 0
218 103 0
244 116 7
241 123 25
239 135 50
158 58 0
230 128 0
255 149 1
255 156 9
255 148 12
249 133 12
255 127 21
248 106 4
255 135 24
255 152 28
255 182 51
255 149 18
255 125 0
255 125 0
255 135 5
244 142 0
253 169 18
255 164 32
246 138 3
251 142 0
254 155 0
255 174 14
252 153 0
255 143 3
255 142 5
249 139 0
253 154 9
255 179 26
255 175 4
255 180 0
250 170 0
237 139 0
251 136 19
223 91 0
227 97 0
246 122 24
245 132 26
250 138 13
249 128 0
255 138 1
255 138 5
255 160 30
244 130 0
251 126 0
247 112 0
255 121 3
255 135 25
241 123 25
228 114 25
202 121 76
218 141 85
231 142 76
203 76 23
165 1 0
178 0 0
177 4 10
158 0 0
168 8 0
243 96 27
245 119 17
221 105 0
225 99 0
254 121 3
247 126 11
245 140 23
250 115 34
207 68 0
245 108 0
245 122 0
255 159 25
255 152 21
246 127 0
255 122 0
255 119 0
250 115 0
250 124 3
255 130 7
236 106 0
249 112 0
255 116 3
251 109 0
255 121 2
246 105 0
234 100 0
222 92 0
222 101 0
229 115 0
200 85 0
228 101 4
243 105 14
229 99 3
206 89 0
228 114 15
221 95 8
230 96 11
219 91 0
231 115 0
255 129 5
249 127 16
237 129 31
154 51 0
226 139 0
244 149 3
241 139 2
246 139 1
252 134 0
254 119 0
246 100 0
239 103 0
252 142 17
255 163 18
249 153 4
247 134 0
243 120 0
231 120 0
248 159 7
255 195 28
255 172 13
216 117 0
255 155 20
241 144 3
250 154 7
252 141 0
255 133 2
255 125 2
255 136 7
247 135 0
241 135 0
250 145 0
245 143 0
255 165 5
255 163 25
255 137 18
255 130 0
255 143 28
246 124 15
232 105 0
248 115 0
250 118 0
252 126 13
252 134 26
245 132 26
243 135 36
255 153 68
231 130 58
247 148 80
210 121 55
132 59 6
76 18 0
30 2 0
24 0 0
43 0 0
119 10 0
167 3 0
192 0 0
193 7 10
170 4 8
158 14 5
219 96 52
255 159 75
241 141 43
230 116 20
228 96 0
255 120 0
255 130 0
255 109 35
255 111 14
255 132 11
241 124 0
247 129 3
243 125 2
239 118 1
226 102 0
248 122 12
255 148 38
228 97 0
248 114 3
250 114 12
218 85 0
242 116 6
247 129 5
251 119 0
253 121 10
252 118 19
248 114 15
239 113 10
222 109 7
207 94 0
232 107 15
246 108 7
223 89 0
226 105 0
255 137 46
229 95 22
228 82 9
241 101 6
255 129 14
255 129 4
237 113 1
250 138 40
164 59 0
190 112 0
220 124 1
222 108 0
248 130 4
245 130 0
255 135 0
253 120 0
237 106 0
239 127 0
250 160 4
254 172 10
244 158 9
251 163 27
255 183 44
255 168 11
255 177 5
247 165 0
255 163 15
255 182 54
255 172 45
255 163 29
255 138 6
255 128 7
255 118 0
247 115 0
249 127 0
250 123 0
247 118 0
247 123 0
232 109 0
254 121 2
255 127 20
255 134 0
255 143 13
250 132 8
255 127 4
251 117 2
224 105 11
230 133 64
209 129 70
160 84 32
136 70 35
121 71 60
27 0 0
26 0 0
24 0 0
11 0 0
3 5 17
0 10 21
0 5 11
41 15 18
104 15 21
171 12 17
194 0 0
195 0 0
165 5 13
129 14 21
68 0 0
148 86 45
180 113 68
208 118 84
248 128 78
255 130 25
255 119 0
255 101 4
255 116 10
245 124 9
238 111 0
245 103 0
252 114 5
231 112 8
205 101 4
223 116 22
235 115 20
235 106 5
200 66 0
232 93 10
212 80 0
240 122 22
209 106 0
188 85 0
220 107 13
214 86 0
233 100 9
240 112 11
224 108 5
212 100 2
215 93 0
244 106 0
255 121 4
254 113 5
255 116 29
211 64 0
239 88 17
249 104 15
240 105 0
250 113 0
227 99 0
255 149 61
209 99 22
227 138 12
246 137 20
255 131 19
244 128 5
250 150 10
244 145 0
229 117 0
246 120 0
254 133 3
255 158 11
255 188 29
240 162 4
241 161 14
254 167 25
248 155 0
255 164 0
255 183 17
255 166 20
233 128 0
248 146 20
238 139 9
246 139 7
255 139 8
255 138 2
250 139 0
249 137 0
252 130 3
252 124 1
250 125 0
255 134 9
255 117 8
255 95 6
255 138 0
255 143 0
250 142 7
243 131 23
255 144 72
209 125 81
141 90 63
24 0 0
21 0 0
14 0 13
0 1 28
0 4 38
0 2 33
8 8 34
24 28 57
0 10 42
0 14 13
13 40 49
34 29 49
101 29 51
160 6 16
193 0 0
198 0 0
163 4 8
106 14 25
33 0 0
15 0 0
18 0 0
36 0 6
135 59 61
206 108 61
245 135 40
239 122 19
233 112 7
252 117 10
247 94 0
255 105 3
250 106 9
221 104 11
173 73 0
175 70 0
202 85 5
234 105 22
232 96 12
228 88 1
223 85 0
224 97 2
183 65 0
174 74 0
191 82 0
201 82 0
204 75 0
218 89 0
227 101 0
232 111 4
230 103 0
241 104 0
255 110 9
242 93 1
225 75 0
250 100 15
240 93 0
224 85 0
227 95 0
247 107 0
228 98 0
248 132 49
210 98 26
255 144 35
255 159 25
255 153 3
242 146 7
239 161 37
246 166 43
244 142 5
255 137 0
255 147 15
255 151 19
255 169 25
250 149 0
243 142 0
236 133 0
241 139 0
244 143 0
242 130 0
255 138 0
245 131 0
238 138 0
230 143 2
239 149 9
250 153 12
255 163 13
255 174 15
255 173 18
252 161 20
247 147 10
255 155 14
255 161 24
255 125 7
255 109 15
255 138 0
253 147 1
246 152 36
249 166 100
149 82 65
35 0 0
11 0 1
1 2 7
26 34 47
9 24 43
11 32 49
0 18 29
19 29 39
30 26 40
53 39 56
53 36 52
28 56 42
27 56 62
38 44 66
96 33 52
161 5 6
215 0 0
221 0 0
184 5 8
107 11 22
50 23 38
35 44 61
18 25 51
8 0 32
14 0 18
22 0 4
24 0 0
117 83 20
183 96 27
255 110 27
255 97 1
223 69 0
237 104 11
235 113 28
189 70 0
183 68 0
212 96 23
222 101 30
227 96 16
229 93 0
255 123 13
255 155 56
240 101 16
190 73 3
196 80 0
208 91 0
213 94 0
209 81 0
240 102 4
254 113 8
247 109 0
238 102 2
231 92 9
250 104 31
241 96 7
255 125 9
255 131 0
247 123 0
238 112 0
255 112 0
232 99 0
241 121 34
191 75 0
254 118 10
255 135 0
255 155 0
252 170 9
255 208 80
255 207 85
255 154 9
248 129 0
252 127 0
255 136 11
255 141 12
255 140 0
255 149 6
255 147 13
255 160 33
255 144 13
254 119 2
255 124 3
255 137 2
254 153 1
255 170 15
255 176 35
249 142 14
255 167 34
255 170 14
250 174 3
245 176 11
255 191 41
255 166 26
219 121 0
212 111 0
239 136 7
240 133 0
249 156 50
179 110 51
32 0 0
16 0 13
4 0 25
1 0 22
6 5 19
43 44 49
46 47 49
53 54 49
51 49 34
50 39 17
65 40 18
79 43 29
80 39 35
43 58 51
20 45 52
32 35 52
93 20 31
204 26 22
252 2 0
255 5 0
218 12 16
145 25 34
61 28 39
26 48 61
21 50 66
37 46 63
44 39 59
24 33 62
0 7 45
0 6 7
34 0 0
196 89 43
238 103 22
215 85 0
215 86 0
204 67 0
221 83 10
213 91 16
195 93 19
166 68 0
155 44 0
212 88 0
233 105 0
252 122 26
231 100 20
217 95 20
207 89 2
227 115 15
250 139 34
246 124 25
252 112 17
255 105 3
245 95 0
231 88 0
236 94 12
208 64 0
215 78 0
255 139 0
255 161 1
255 141 1
246 114 5
255 128 7
255 128 20
247 129 39
148 35 0
255 136 22
255 129 0
252 145 0
255 169 6
255 166 18
246 147 2
252 148 0
255 153 0
251 140 0
255 136 1
255 132 5
255 134 4
255 170 42
234 135 15
224 110 0
245 115 3
255 121 18
231 96 0
254 131 2
250 139 0
255 146 0
255 149 17
248 116 15
187 55 0
237 123 0
242 149 0
245 165 0
255 193 42
248 160 34
161 79 0
238 170 25
248 193 28
255 188 89
238 171 126
24 0 0
11 1 36
3 6 39
7 8 38
23 10 38
56 32 48
66 34 35
76 43 38
73 43 41
70 43 34
58 29 0
61 28 0
68 33 3
79 45 35
33 42 49
11 33 44
27 25 36
114 23 28
221 15 15
254 1 0
253 0 0
233 8 16
175 34 40
67 23 24
18 44 43
19 58 57
45 45 45
68 42 43
37 31 35
10 40 48
0 10 48
0 0 22
26 0 0
141 75 27
207 108 27
216 85 0
225 72 0
231 84 14
191 77 6
152 73 0
149 81 0
155 69 0
178 65 0
192 69 0
199 86 6
181 84 3
192 86 8
183 73 0
208 94 0
242 126 25
254 132 33
255 124 26
245 97 0
255 111 0
255 107 0
255 110 17
255 106 25
249 118 14
255 153 9
253 158 2
251 133 7
216 71 0
237 102 0
246 123 20
255 151 67
178 72 0
252 119 1
255 127 3
250 123 0
242 130 0
238 138 0
250 153 0
255 160 4
255 171 19
255 152 3
255 148 5
250 138 4
251 146 19
243 146 29
255 170 58
213 93 0
255 114 6
248 120 11
244 125 9
255 144 18
255 135 0
255 122 0
255 127 7
251 119 18
252 133 31
255 147 22
255 153 5
249 138 0
245 139 1
255 184 58
255 191 60
245 195 48
255 232 73
255 212 162
100 66 65
0 0 41
0 7 59
0 4 31
34 31 40
53 32 39
76 35 41
96 40 43
82 27 30
75 33 43
76 44 49
67 34 19
59 24 0
65 37 15
67 48 42
34 47 55
17 46 52
37 38 42
145 44 48
227 6 11
255 4 0
251 0 0
234 11 14
177 30 36
68 17 16
22 52 42
0 40 25
54 46 33
102 45 34
91 52 35
48 50 26
24 11 31
43 51 74
11 32 51
1 0 0
144 85 41
223 100 23
234 78 0
237 92 9
171 69 0
133 69 0
140 84 0
177 91 6
201 79 12
212 82 24
177 70 2
142 62 0
156 64 0
198 92 6
191 71 0
207 79 0
217 85 0
228 95 0
243 107 0
241 101 0
240 97 0
250 100 6
238 88 0
211 80 0
242 135 3
241 143 10
230 113 0
242 99 7
228 94 0
251 129 28
255 145 63
166 62 0
240 124 3
255 123 6
255 142 24
255 141 11
234 145 3
255 187 39
255 169 27
255 179 44
255 172 37
254 159 15
255 170 24
251 157 21
223 112 0
243 121 10
255 132 20
255 132 12
253 140 10
251 148 11
247 142 1
255 133 0
255 107 0
254 118 0
255 156 26
255 212 69
255 188 45
255 157 30
240 113 0
221 100 0
234 136 0
255 191 37
245 194 66
236 194 94
154 119 113
4 0 9
18 33 66
1 15 52
28 27 45
76 63 55
75 53 32
65 25 13
98 43 46
89 38 47
71 36 40
71 45 44
83 48 44
80 36 35
69 34 32
67 46 41
43 56 47
9 50 42
24 42 42
121 34 40
225 12 14
255 4 0
255 4 0
220 11 6
179 34 41
76 19 25
12 42 32
2 54 31
49 47 24
87 29 17
95 45 36
53 41 29
61 30 10
53 48 44
15 38 56
1 25 51
14 0 0
187 96 49
239 100 9
238 100 0
190 91 0
132 63 0
168 94 0
219 108 16
222 79 0
233 89 19
221 100 29
173 76 0
169 63 0
190 75 0
212 84 0
244 107 1
199 56 0
250 111 18
244 114 20
255 147 59
255 158 81
241 112 31
229 95 0
243 112 0
226 105 0
215 99 0
233 116 0
252 128 4
239 103 0
242 115 8
247 133 44
176 66 0
250 137 15
252 122 2
234 98 0
252 142 17
246 172 41
243 176 46
239 147 22
234 118 0
232 118 0
235 145 0
240 159 8
255 160 14
255 142 12
255 122 0
251 126 0
245 133 0
254 141 1
255 158 5
249 150 0
255 139 0
251 119 0
255 144 16
255 194 37
242 193 15
255 195 34
249 159 36
255 157 49
255 158 27
254 156 0
255 188 36
251 192 102
34 0 0
7 0 16
1 3 15
38 49 55
24 24 32
56 39 45
93 66 55
92 65 38
67 35 14
53 12 8
70 32 31
62 35 24
65 39 22
75 37 34
92 42 53
75 29 39
75 42 37
42 50 26
3 51 39
7 45 46
90 25 31
218 20 17
254 4 0
255 5 0
219 15 8
173 29 39
88 27 42
29 54 51
0 40 17
45 56 26
80 39 21
98 53 60
55 40 63
62 33 1
55 31 5
31 26 23
0 12 39
1 6 36
103 57 41
206 105 23
230 111 0
215 114 0
179 92 0
210 107 12
255 119 16
251 92 0
245 95 1
220 89 9
195 79 2
225 100 20
233 110 14
255 131 21
255 125 20
243 102 10
245 103 17
232 100 17
255 149 76
255 153 87
216 108 35
243 130 36
255 130 27
248 112 12
240 107 4
246 127 1
249 144 0
255 138 5
239 113 0
243 127 26
172 62 0
244 122 0
234 109 0
255 141 21
255 184 51
255 174 32
233 142 9
232 119 1
245 123 0
255 144 2
255 165 9
255 184 34
255 157 16
255 146 4
255 172 23
255 157 4
254 150 1
255 135 3
250 140 0
255 158 0
255 157 3
237 134 0
255 180 45
255 191 39
239 163 0
242 164 2
255 186 45
255 204 74
255 198 61
245 142 3
245 142 37
174 111 70
15 0 9
0 5 45
5 7 28
51 46 43
66 47 32
71 39 26
81 42 37
78 36 37
80 42 39
56 27 13
63 35 14
88 57 39
91 57 47
73 33 31
86 47 48
81 45 47
69 37 40
41 38 19
2 51 47
0 52 59
79 32 38
214 19 17
253 2 0
254 1 0
231 12 18
177 30 40
89 25 41
31 45 58
0 43 36
55 68 40
119 84 54
115 69 71
85 55 89
72 40 43
65 31 6
64 41 10
30 29 34
0 7 43
9 0 5
129 74 17
199 112 7
205 108 5
214 110 23
234 111 18
255 113 2
255 120 7
255 117 20
195 76 0
177 75 3
194 73 0
242 127 38
255 181 89
255 171 77
255 135 41
248 113 21
236 100 12
217 85 0
236 112 24
215 101 12
192 84 0
203 85 0
255 127 39
242 100 0
253 125 0
252 141 0
255 146 9
255 136 13
242 133 30
149 44 0
252 119 0
255 145 34
255 165 51
234 143 0
253 154 0
255 153 6
255 135 14
255 133 6
252 149 0
255 158 0
255 149 0
248 142 7
248 160 11
248 172 1
255 177 9
250 145 0
255 115 0
255 133 0
255 162 8
250 158 0
248 165 11
254 171 33
254 155 26
249 132 0
255 161 13
240 175 13
247 212 50
234 176 33
225 116 13
255 145 92
46 0 0
0 4 33
0 5 55
19 19 57
69 48 55
83 52 24
69 30 0
90 40 43
92 37 69
93 48 68
67 38 20
64 38 5
87 47 35
79 32 40
74 35 36
65 42 26
59 40 33
63 39 52
48 37 33
0 44 54
0 49 67
72 31 39
216 16 18
251 0 0
255 1 7
237 2 19
182 31 40
80 14 28
32 38 62
16 50 60
37 42 19
81 42 1
98 42 27
79 30 51
79 38 82
70 37 22
55 33 0
56 47 30
14 15 46
5 1 24
73 49 11
148 90 6
176 86 0
207 94 18
223 94 2
206 65 0
255 112 1
236 105 17
158 57 0
128 54 0
184 77 0
188 87 7
202 101 29
220 116 31
246 132 33
255 138 35
250 112 13
239 92 0
240 97 0
242 115 2
214 100 11
173 59 0
226 95 15
252 110 10
253 116 0
248 123 5
249 125 0
248 133 14
245 143 43
165 67 0
253 111 11
255 130 14
250 119 0
255 147 0
255 163 0
255 157 2
253 145 19
220 108 0
238 131 15
255 171 34
255 152 0
247 139 0
247 151 0
249 167 0
245 169 0
254 176 0
255 162 10
255 141 5
255 133 4
255 139 3
255 150 16
255 153 36
228 111 16
233 106 11
255 128 17
252 120 0
254 125 6
245 121 7
255 148 40
255 169 86
149 88 57
34 0 11
0 5 37
8 0 39
54 23 55
76 32 29
83 39 10
80 43 25
81 51 59
68 41 46
77 45 24
90 47 15
91 43 31
83 42 48
66 42 40
51 40 18
56 44 18
64 45 31
45 47 46
0 50 59
0 61 74
41 16 22
210 24 29
253 0 1
255 1 9
232 8 18
179 33 34
69 14 17
21 48 59
0 42 45
43 51 28
78 34 0
84 38 15
67 47 49
72 51 32
74 47 36
73 43 43
61 34 53
13 0 28
14 0 32
19 0 0
168 110 60
188 85 0
210 64 0
221 57 0
227 74 0
219 94 1
206 100 0
222 111 3
213 93 0
211 92 0
237 124 2
255 137 17
247 98 18
233 60 18
255 92 52
255 105 32
245 112 9
231 103 0
244 116 9
232 108 0
228 111 0
230 109 0
255 131 12
250 114 2
255 125 15
255 132 0
254 126 3
251 135 36
164 55 0
248 113 5
255 121 4
255 132 0
255 149 1
249 148 0
241 137 2
240 126 11
248 132 21
255 148 28
241 131 0
232 120 0
255 146 0
255 160 19
255 162 23
250 151 6
255 160 11
247 140 0
246 136 0
245 135 0
222 116 0
254 154 34
247 142 37
230 113 8
232 102 0
252 111 0
254 115 0
239 106 0
255 144 10
255 157 9
239 159 36
225 162 109
38 0 0
0 10 17
6 3 14
42 17 23
65 32 23
69 41 17
70 45 25
76 47 43
78 39 44
84 39 36
86 40 27
85 42 26
83 44 37
67 36 34
54 26 23
55 28 21
58 30 18
36 37 41
0 47 55
0 50 62
54 19 26
204 18 21
254 1 0
252 0 0
230 11 5
178 36 32
71 20 27
15 43 54
0 46 41
47 58 26
83 44 5
100 51 37
65 34 50
58 30 6
76 38 19
99 60 53
77 59 71
27 31 58
1 0 16
35 0 0
163 83 20
230 123 27
243 126 23
228 100 13
244 113 33
221 98 5
237 123 11
255 154 31
251 139 13
245 135 14
252 139 17
255 153 28
250 130 7
196 69 0
166 29 0
147 5 0
250 108 46
249 115 20
232 105 0
245 124 11
252 131 24
226 105 0
237 115 0
248 123 5
238 111 4
255 137 1
255 144 29
243 134 43
159 57 0
244 118 0
255 131 8
255 135 8
241 128 0
216 106 0
218 102 0
240 118 9
253 129 13
255 136 6
255 147 7
255 143 2
251 138 6
227 121 0
185 77 0
245 124 19
255 126 25
244 145 18
240 136 1
244 137 0
244 139 14
239 134 29
211 103 4
230 111 0
255 133 0
255 123 0
246 108 0
255 151 37
255 158 16
255 168 0
255 190 35
255 190 106
85 23 8
0 5 2
1 0 0
47 30 20
47 28 14
59 43 27
61 44 26
73 40 31
90 41 47
91 39 51
96 52 51
83 46 27
74 39 19
79 40 35
75 34 40
71 33 32
74 38 24
37 35 40
0 42 48
0 44 51
82 33 39
207 17 17
255 6 0
253 4 0
234 15 0
172 33 30
72 20 32
21 43 56
5 50 45
48 54 28
73 32 4
104 51 45
89 50 69
70 32 9
73 31 9
74 42 31
54 48 58
12 23 41
10 0 0
185 118 75
228 119 36
219 106 2
214 116 17
184 92 7
166 64 0
207 90 0
251 132 16
255 152 14
246 143 0
254 149 21
248 132 13
255 138 9
255 159 2
242 162 3
246 151 45
208 80 35
207 55 14
223 77 0
241 112 0
243 121 12
249 125 35
246 124 23
233 115 0
222 104 0
227 106 1
245 124 0
244 131 25
234 135 50
130 38 0
240 111 0
255 131 2
255 141 13
240 124 3
241 119 10
245 117 16
235 104 0
244 116 0
251 128 0
255 139 0
255 150 13
251 142 13
219 115 0
255 145 33
195 66 0
255 110 17
255 159 40
255 148 25
255 130 10
255 129 20
224 98 0
231 107 0
255 138 2
255 151 5
255 155 30
241 132 39
237 129 41
242 137 20
248 152 3
240 158 10
230 160 49
183 119 47
0 3 12
8 2 16
8 0 7
42 30 32
50 36 27
59 37 26
73 35 34
83 36 44
98 56 58
100 66 54
78 48 22
69 34 12
80 42 31
80 41 36
73 37 25
75 40 20
47 34 41
0 35 41
1 40 47
97 40 46
211 15 17
254 3 0
253 3 0
231 9 0
176 31 34
76 18 33
27 40 57
5 39 41
61 59 46
97 50 32
100 47 39
77 45 46
69 31 22
70 52 42
29 29 29
23 25 38
20 0 9
148 91 61
255 167 85
253 133 21
241 121 11
195 92 0
155 70 0
174 86 0
215 107 8
255 136 20
255 143 4
225 125 0
210 105 0
216 95 0
255 137 11
255 166 16
255 182 25
255 214 84
255 151 61
167 24 0
242 92 0
247 111 3
217 91 0
210 87 0
218 97 0
239 120 4
223 102 0
219 94 0
224 107 0
220 114 5
224 129 45
116 29 0
254 119 0
249 125 0
251 134 2
253 133 10
250 119 11
239 101 0
239 103 0
252 123 0
254 131 0
255 147 8
255 151 16
240 136 1
253 151 15
254 146 12
246 122 0
250 115 0
255 132 9
241 105 0
255 113 5
255 116 17
255 128 20
255 140 9
255 139 0
245 141 16
194 123 43
159 103 56
194 124 73
231 136 54
233 126 12
233 129 4
234 141 22
222 140 30
14 0 5
12 0 36
12 3 58
4 0 36
37 24 31
63 38 31
76 42 43
63 28 32
77 47 36
73 42 14
69 32 6
72 30 18
73 32 28
67 33 24
65 38 21
63 38 16
52 38 51
0 42 51
0 48 54
86 37 41
217 18 23
255 3 0
255 4 0
232 10 9
183 32 39
78 11 28
24 36 52
0 31 37
56 50 38
95 42 24
80 31 17
56 35 32
63 45 59
31 40 57
0 12 30
11 0 14
46 0 0
214 113 41
247 134 16
245 128 0
207 88 0
197 84 0
191 96 6
186 93 0
206 98 0
252 127 11
255 136 10
229 119 0
203 95 0
252 128 12
255 129 0
255 139 12
255 168 40
255 191 50
255 166 16
255 137 0
246 106 0
255 115 18
246 120 18
219 103 0
214 97 0
247 125 16
235 107 0
250 120 10
227 107 0
236 126 13
250 152 63
183 92 9
255 127 8
251 130 0
232 122 0
249 132 3
255 130 17
255 114 8
255 124 9
241 117 0
249 131 0
239 122 0
233 120 0
247 141 3
246 142 0
239 131 0
244 129 0
245 125 0
255 137 0
245 116 0
232 102 0
236 104 0
255 118 4
248 104 0
246 113 0
202 110 7
36 0 0
20 3 0
35 0 0
64 0 0
218 106 0
255 133 8
255 145 25
255 174 63
202 162 126
15 0 10
2 0 64
2 3 68
1 0 23
29 15 14
54 39 34
65 47 47
59 32 23
72 34 11
78 32 9
79 28 24
73 26 36
64 24 35
59 31 28
53 35 21
41 34 52
0 48 61
0 52 60
55 20 26
211 16 20
253 0 0
253 0 0
225 12 6
180 30 29
78 10 21
23 39 52
0 40 37
39 43 18
74 29 0
75 34 30
61 53 77
23 34 62
0 6 40
0 0 26
28 0 0
220 135 70
247 133 18
255 143 2
255 148 9
255 154 26
248 145 26
235 135 21
208 104 0
216 96 0
254 120 7
249 118 2
242 119 0
230 121 16
255 141 12
255 132 0
241 106 0
253 132 15
226 134 0
246 169 0
255 183 11
255 166 35
242 113 12
247 124 20
219 106 0
212 99 0
243 120 16
239 110 9
245 117 10
255 134 0
241 125 6
241 137 42
148 52 0
255 140 18
255 159 27
241 141 3
221 110 0
249 118 0
255 123 9
253 127 6
248 134 2
232 120 0
248 134 2
251 137 5
249 136 0
254 142 0
247 133 0
244 133 0
253 146 6
244 131 0
255 142 0
254 139 0
211 98 0
220 99 0
255 132 7
255 138 9
236 148 48
73 37 0
18 6 0
33 3 0
205 136 43
252 153 8
248 138 0
254 136 0
255 132 21
234 165 61
146 102 55
8 0 12
0 0 43
0 0 34
2 1 15
21 21 29
43 35 50
35 11 24
67 34 29
76 41 22
73 33 23
77 30 38
75 26 45
67 32 39
60 40 33
44 34 45
0 49 61
0 58 67
46 19 24
212 18 19
255 3 0
254 2 0
222 19 4
179 35 27
86 17 22
21 39 51
0 45 41
31 53 32
61 34 15
48 21 36
13 20 66
12 34 57
1 0 19
59 19 17
239 170 111
255 171 52
248 146 0
255 144 2
221 113 0
252 156 18
255 195 47
255 190 44
243 134 5
255 127 11
225 85 0
247 114 0
255 137 14
231 121 0
245 131 0
255 133 0
255 131 1
254 125 0
255 163 17
242 169 4
255 185 26
255 161 28
237 121 8
233 116 3
222 106 0
214 93 0
215 86 0
227 99 2
251 129 28
255 134 0
241 120 3
252 143 50
145 45 0
254 136 2
255 164 27
253 162 22
243 139 6
250 124 1
251 121 0
255 143 8
239 136 0
241 136 0
255 143 5
255 140 5
255 142 6
255 151 12
255 146 4
255 160 17
255 159 14
246 127 0
255 160 20
255 161 13
255 150 14
255 145 22
245 127 3
255 139 10
255 173 56
204 150 62
156 122 51
221 175 89
255 199 65
255 187 11
255 193 8
245 159 0
255 170 25
255 195 50
255 196 78
225 178 106
22 0 0
18 0 12
7 0 31
0 0 35
0 0 33
5 0 22
29 19 30
44 39 33
57 45 29
67 39 27
74 33 29
75 36 37
65 41 39
55 34 31
0 41 43
0 57 62
59 24 28
214 19 15
253 3 0
254 3 0
221 17 8
176 30 30
86 13 22
26 38 54
0 50 67
32 65 84
45 33 53
16 3 23
0 5 24
12 0 0
82 44 23
236 168 103
255 193 75
255 175 23
246 147 0
243 131 0
255 143 15
249 149 9
248 164 6
255 170 13
252 145 7
246 117 0
239 105 0
255 147 20
255 146 7
254 138 3
255 136 8
255 131 11
255 136 14
255 132 0
255 153 12
250 158 15
228 145 7
192 100 0
228 124 1
221 105 0
254 124 10
253 114 9
217 75 0
218 86 0
245 121 23
255 128 0
251 131 18
247 139 49
147 46 0
227 116 0
251 151 13
246 149 16
247 138 9
255 130 2
255 135 0
255 156 11
253 153 5
249 147 2
250 139 0
255 147 9
255 157 22
255 144 6
252 139 0
251 147 0
252 158 0
254 129 9
255 135 10
255 141 10
255 151 16
255 155 15
225 128 0
255 171 30
216 123 0
227 153 18
236 175 33
245 185 27
254 199 20
255 216 23
255 221 28
247 193 9
254 177 3
255 157 10
255 169 12
255 182 32
237 176 69
158 107 64
29 0 3
10 0 23
4 0 29
0 2 27
0 4 28
0 5 24
0 5 8
19 16 0
35 22 3
59 41 37
64 48 61
65 45 46
0 46 47
0 42 45
67 28 31
212 13 10
255 5 0
254 2 0
226 12 22
178 29 48
80 3 21
31 29 51
0 32 70
0 21 74
5 0 36
15 0 0
12 4 0
161 76 47
232 154 80
244 166 40
247 160 3
249 144 0
237 120 0
251 128 0
255 145 15
255 145 10
245 138 0
247 145 1
245 137 3
215 99 0
216 97 0
255 151 20
252 151 9
255 134 1
253 130 9
221 99 0
175 57 0
236 117 1
248 124 0
255 146 16
241 131 6
210 111 0
216 117 0
230 114 0
255 120 3
255 111 8
255 109 13
246 103 7
236 100 0
253 126 0
242 126 17
243 139 54
155 59 0
247 133 0
255 157 28
255 158 38
225 100 0
252 123 0
255 137 0
251 145 0
255 162 17
255 148 8
218 104 0
255 147 14
236 133 2
247 146 12
255 155 11
255 159 0
255 178 1
255 171 39
221 103 0
234 115 0
217 117 0
255 177 17
255 189 21
255 172 10
252 164 5
255 188 20
255 209 19
255 199 0
251 210 0
248 219 19
247 211 29
255 196 32
255 164 10
241 133 0
228 132 0
255 175 0
255 195 31
255 215 101
226 165 98
140 98 56
15 0 0
3 0 0
3 0 19
10 0 34
4 0 26
0 4 18
0 8 16
0 1 25
23 25 64
25 32 61
0 47 65
0 54 60
50 24 27
217 22 26
253 1 0
251 0 0
229 8 25
181 31 56
84 5 26
30 17 34
0 12 34
0 5 29
28 0 1
134 81 27
209 154 51
255 131 64
248 134 22
245 154 1
243 151 0
239 126 0
255 147 20
255 138 8
255 130 0
255 140 10
237 114 0
253 129 13
253 135 12
248 136 10
234 126 0
255 145 20
252 138 13
244 132 0
244 133 0
255 152 24
244 139 22
253 139 27
248 117 3
252 109 0
238 109 0
198 91 0
221 124 11
219 105 0
240 103 0
255 107 0
255 121 21
240 96 0
248 105 3
252 128 0
238 123 14
255 159 74
174 78 1
251 137 15
255 141 28
248 120 11
240 104 0
255 132 9
253 133 0
252 142 3
242 134 0
233 118 0
228 113 0
238 133 5
234 141 12
255 174 44
255 176 37
255 170 14
255 176 3
255 177 26
245 157 21
255 180 51
235 167 20
233 177 4
255 193 10
250 175 0
255 184 7
255 190 4
255 201 0
252 201 0
243 195 0
240 189 0
253 181 17
255 147 15
255 109 0
243 177 3
255 194 10
255 210 23
255 200 18
255 196 25
255 206 42
255 201 52
202 165 51
161 132 72
28 0 0
35 0 0
29 0 14
0 0 28
0 3 44
0 5 50
0 1 46
0 8 56
0 58 88
0 67 79
37 24 33
203 16 27
255 5 0
252 0 0
237 11 15
181 25 36
74 0 0
30 0 0
9 4 0
119 96 42
169 106 27
249 156 50
241 143 16
255 110 1
255 128 1
255 149 4
255 154 9
251 140 9
255 132 5
255 132 1
255 135 0
255 145 16
230 112 2
209 80 0
237 106 0
255 139 9
249 141 6
248 132 9
250 118 10
253 151 6
248 153 0
250 163 4
251 159 14
240 128 3
255 122 11
255 125 17
237 109 0
199 88 0
236 131 24
244 129 20
244 120 8
249 124 8
250 126 14
250 122 13
249 114 7
255 150 20
240 119 12
230 124 40
160 60 0
206 97 0
237 117 4
231 96 0
255 125 14
250 122 0
255 141 8
255 158 23
255 143 11
251 132 2
255 143 10
237 135 0
234 143 11
242 153 27
245 147 20
237 131 0
249 137 0
237 153 0
255 189 41
255 208 63
255 198 43
255 211 41
255 198 18
255 196 7
253 195 0
254 207 5
255 206 16
255 186 19
255 173 22
255 151 5
245 133 0
196 67 0
255 138 20
248 209 7
255 216 21
255 209 23
248 203 16
245 196 0
249 188 0
255 205 0
255 205 29
255 217 83
252 203 100
222 165 86
184 138 86
150 133 115
64 64 72
16 0 11
33 0 0
31 0 11
0 35 51
0 55 65
44 21 31
206 20 31
252 0 0
255 8 0
236 2 0
207 25 14
210 73 55
222 133 93
223 160 83
220 142 33
241 134 4
255 141 4
230 124 0
245 127 0
255 134 3
249 122 0
240 127 0
232 126 0
255 146 14
255 127 0
251 122 0
213 100 0
236 125 10
252 125 20
255 118 4
251 125 0
239 127 0
255 140 8
249 115 2
255 161 0
253 164 0
255 192 31
252 161 12
220 106 0
252 124 1
251 127 11
202 88 0
215 100 0
255 134 30
255 134 28
255 160 50
255 177 59
239 136 15
212 101 0
221 102 0
255 141 13
255 132 28
215 100 19
133 25 0
206 107 0
249 135 10
255 134 14
255 135 12
251 138 8
255 171 36
244 138 0
252 141 0
255 146 0
252 143 0
251 151 1
241 143 6
240 138 14
232 123 6
239 125 3
244 127 0
235 116 0
241 129 0
244 145 0
250 162 2
245 159 0
255 183 9
255 193 0
248 204 0
252 210 1
255 196 24
255 153 36
255 109 27
221 64 0
212 83 0
255 166 1
255 204 20
252 205 3
255 206 10
255 200 9
252 198 4
237 180 0
248 176 0
255 180 0
255 189 0
255 219 21
247 207 11
247 206 30
254 211 70
255 224 116
255 211 128
255 173 105
252 127 69
255 109 76
207 136 118
79 63 63
67 0 0
214 18 22
252 0 0
255 4 0
252 8 0
231 9 0
255 90 51
255 112 54
255 121 43
255 123 27
255 129 15
255 147 17
246 146 8
231 124 0
235 119 0
240 117 0
245 123 0
255 139 5
255 135 2
253 131 4
248 129 3
243 128 1
255 135 13
254 124 10
251 118 0
255 136 0
255 141 0
255 151 3
255 150 15
255 146 0
255 161 13
255 173 47
244 137 23
252 127 9
255 136 3
253 146 6
237 133 2
232 111 0
234 93 0
242 101 0
255 149 35
255 170 52
238 139 19
241 138 10
230 119 0
246 104 0
249 116 15
247 127 49
174 61 0
231 137 1
234 123 0
255 138 11
244 129 4
231 129 1
234 140 8
236 135 0
255 157 5
255 167 2
255 173 8
247 147 0
218 109 0
235 119 0
236 120 1
255 150 19
255 165 23
255 138 7
255 138 0
255 143 0
255 151 0
255 160 0
255 170 0
255 194 1
251 205 0
247 190 0
255 167 14
233 82 0
178 2 0
242 81 1
255 159 24
255 216 23
245 213 0
255 193 15
252 176 0
252 174 0
255 190 7
255 182 15
255 180 31
241 153 1
255 185 3
255 207 0
255 211 0
255 203 7
255 189 25
255 172 33
250 120 0
255 87 0
250 48 0
255 11 0
205 27 0
157 41 28
100 0 0
228 9 5
255 4 0
252 0 0
250 1 0
255 7 0
253 5 0
244 14 0
229 17 0
222 16 0
248 49 0
237 73 0
246 118 11
255 110 26
239 104 12
255 129 22
251 121 0
232 95 0
255 124 0
255 141 16
239 127 1
249 125 1
242 106 0
254 119 2
252 123 3
255 136 0
255 148 0
228 120 0
250 150 4
255 126 0
242 124 1
255 158 66
222 106 23
238 111 14
255 148 23
255 147 9
250 139 8
255 129 16
254 112 4
255 119 7
233 102 0
233 116 2
218 104 0
239 125 0
249 136 0
247 109 0
233 104 3
236 120 43
158 49 0
216 114 0
226 110 0
218 95 0
202 91 0
210 114 2
200 106 0
204 103 0
245 141 0
255 172 7
255 187 28
249 151 16
213 93 0
235 104 0
255 137 11
255 173 16
255 212 35
255 183 44
255 171 17
254 162 0
255 181 4
251 164 0
247 173 0
255 202 13
255 192 3
236 151 0
233 114 0
240 101 0
251 116 11
255 154 20
255 183 17
249 180 0
227 162 0
242 143 0
245 158 0
254 168 3
245 141 0
255 139 9
245 133 0
251 168 4
255 209 27
255 188 12
255 182 31
255 161 42
255 102 10
209 27 0
232 20 0
247 11 0
254 7 0
254 4 0
242 10 0
202 20 0
169 0 0
244 5 2
251 0 0
253 0 2
244 2 0
250 2 0
255 5 0
252 1 0
252 11 0
243 6 0
247 12 0
234 10 0
226 17 0
235 10 0
247 55 6
255 106 20
255 123 15
255 116 1
233 97 0
255 137 7
245 131 0
242 114 0
253 111 1
255 116 8
253 122 6
250 129 0
249 131 0
255 141 6
223 115 0
248 124 0
254 132 21
249 132 39
199 88 0
218 104 5
228 106 5
198 70 0
182 53 0
215 92 0
240 119 6
226 100 0
255 126 18
255 145 37
252 122 8
249 121 0
227 102 0
250 123 0
251 133 25
226 122 37
119 21 0
234 124 11
255 146 37
255 134 29
234 122 24
235 141 45
255 185 85
254 151 32
255 155 11
252 165 8
254 173 29
255 169 54
250 125 33
241 104 8
241 127 0
251 174 0
251 204 0
242 193 38
231 183 13
244 193 6
254 195 5
251 190 1
255 206 16
255 206 18
248 170 0
217 110 0
253 127 16
255 142 23
238 158 0
250 194 0
232 170 0
242 149 0
255 149 41
255 172 26
255 176 21
237 154 12
246 130 19
255 115 10
219 98 0
242 166 0
248 185 0
255 154 23
231 68 1
222 18 0
239 11 2
247 0 25
255 0 43
251 0 29
254 0 9
254 0 32
248 7 14
254 46 20
230 12 0
252 0 1
255 0 11
249 0 4
242 11 5
243 10 6
245 0 6
255 13 19
247 4 0
248 5 0
255 23 18
252 0 8
254 0 23
253 0 17
252 6 0
239 42 0
242 79 0
253 108 3
235 102 0
255 137 1
255 143 4
247 121 0
245 108 4
243 101 1
251 115 5
253 127 6
247 125 2
234 111 0
247 122 6
225 111 0
226 109 0
220 108 0
239 138 20
255 161 49
219 98 19
197 55 5
255 122 66
255 155 63
243 144 27
226 122 9
226 102 4
239 101 0
255 116 0
255 126 6
255 128 13
249 131 0
238 131 17
229 134 44
130 41 0
247 146 4
255 146 10
255 161 35
255 144 30
245 120 10
242 128 13
250 146 13
255 152 5
255 163 17
255 165 36
255 147 43
255 120 29
241 98 2
245 116 0
254 145 0
255 173 10
249 210 9
245 205 0
251 205 0
255 203 0
255 207 13
243 198 11
243 198 19
247 189 19
245 168 2
253 167 0
255 188 7
253 190 14
248 182 26
255 179 41
219 121 0
255 153 6
255 152 47
241 126 20
255 153 44
227 112 0
239 145 23
255 186 67
255 160 64
252 78 17
240 10 0
253 0 0
251 0 9
250 0 10
253 0 6
253 0 1
255 5 0
255 14 0
255 48 12
255 58 24
244 16 0
252 0 0
254 1 0
251 0 0
247 4 0
246 4 0
253 0 0
254 2 0
255 17 0
255 67 18
255 89 20
253 87 1
238 86 0
230 89 0
229 72 0
243 59 0
248 41 0
239 28 0
240 48 0
255 97 3
255 132 19
233 137 14
205 121 0
188 94 0
231 117 2
247 118 0
255 127 0
255 128 0
250 117 0
255 120 12
238 111 0
225 107 0
214 105 0
249 140 35
255 160 54
246 118 11
222 96 0
255 164 51
255 176 58
251 145 23
255 150 28
255 137 19
240 108 0
255 124 9
255 133 9
255 130 0
249 116 0
248 118 22
226 103 33
146 28 0
251 147 12
245 131 0
251 128 0
242 118 0
235 116 0
220 109 0
225 118 0
228 121 0
237 126 0
220 102 0
236 110 0
230 94 0
243 106 2
233 104 0
234 123 0
255 180 24
255 202 24
252 187 1
245 176 0
255 191 7
255 201 27
255 196 27
255 211 47
255 183 27
255 189 37
241 141 0
255 164 0
255 179 14
255 180 34
255 160 30
219 108 0
217 101 0
205 102 0
208 93 0
238 106 0
245 106 3
255 132 36
255 147 59
237 74 7
227 21 0
248 5 0
254 1 0
251 3 3
248 4 4
253 0 2
252 0 0
255 2 0
255 5 0
241 11 0
234 5 0
244 7 0
254 1 0
254 1 0
255 4 4
238 5 0
236 7 1
250 5 2
253 0 0
246 5 0
255 44 9
255 69 19
255 74 14
255 73 2
249 69 0
255 71 14
255 70 19
255 65 21
255 53 6
252 46 0
255 63 0
255 91 12
255 111 15
255 134 30
248 133 24
246 125 12
255 139 15
255 137 0
255 144 1
251 126 0
255 128 18
245 118 5
220 102 0
209 100 0
228 119 14
227 109 3
247 119 10
248 122 12
255 145 32
242 136 18
223 117 0
225 109 0
246 121 5
253 121 10
255 129 16
255 122 1
224 93 0
213 79 0
225 95 0
231 107 37
153 35 0
255 142 22
208 93 0
234 113 0
255 142 10
255 146 18
255 150 24
238 129 2
244 131 1
243 126 0
245 125 2
216 92 0
245 117 7
255 134 18
253 128 2
234 120 0
255 154 11
255 156 10
239 140 0
238 136 0
255 161 5
255 156 8
226 127 0
240 144 5
233 131 0
255 145 10
255 136 0
255 150 0
255 166 13
254 153 19
244 131 11
255 139 17
255 135 2
247 145 1
255 144 12
229 91 0
255 103 17
255 82 19
228 23 0
235 11 0
248 2 0
254 1 0
254 1 0
250 3 0
245 7 0
250 3 0
253 0 0
253 0 0
254 0 2
247 0 0
252 7 2
252 3 0
251 0 0
255 7 7
246 0 0
233 12 3
228 10 0
240 2 0
255 1 1
248 0 0
245 7 0
242 7 0
247 11 0
255 24 0
255 33 1
255 37 8
255 47 15
255 58 20
255 54 13
254 30 0
246 11 0
244 10 0
228 22 0
255 103 18
255 131 25
253 127 14
255 132 15
255 139 12
251 134 3
247 133 9
255 139 26
246 119 6
208 90 0
198 89 0
217 106 1
228 107 0
253 122 14
250 122 12
237 117 4
227 118 1
228 118 0
222 103 0
242 115 0
255 123 12
255 128 16
255 132 11
244 112 0
246 112 0
238 105 10
243 119 49
175 55 0
232 114 6
255 149 29
255 145 8
255 151 9
255 151 13
255 166 35
234 121 0
249 129 9
250 125 5
254 131 10
255 139 17
255 135 12
255 138 9
246 123 0
250 131 1
235 122 0
233 107 0
253 130 0
255 143 6
255 137 1
255 134 6
247 127 4
244 130 8
227 108 0
234 106 0
255 131 0
253 139 0
249 145 0
219 110 0
234 113 0
255 128 9
255 132 0
240 132 0
255 146 3
247 112 0
255 94 18
237 21 0
252 6 0
252 0 0
255 2 6
253 0 1
253 0 0
251 3 0
246 6 0
248 6 0
253 2 0
253 0 1
253 0 4
255 3 9
248 0 0
250 0 0
255 4 6
249 0 0
250 5 2
255 85 73
255 47 34
243 6 0
255 3 5
253 0 1
254 1 3
255 1 3
255 1 1
255 1 1
250 0 0
254 3 0
245 6 0
234 14 0
232 16 0
239 7 0
253 0 0
255 1 1
250 6 0
255 73 0
255 124 11
246 128 5
203 87 0
236 120 1
254 142 17
237 131 9
198 93 0
231 105 0
225 109 0
229 120 15
220 109 4
244 121 15
251 119 10
255 124 13
249 128 15
229 116 0
241 128 6
244 124 4
245 114 0
238 102 0
242 106 0
250 115 0
254 120 0
250 114 0
243 110 15
243 116 47
170 47 0
