71
70
69
69
71
72
71
70
71
71
71
71
71
71
70
70
70
70
71
71
72
71
71
71
71
71
71
70
69
70
71
72
71
68
67
70
73
71
69
66
67
71
69
68
68
68
71
71
71
70
68
71
70
66
68
69
68
68
72
69
67
66
68
68
69
69
69
68
67
67
68
69
69
69
69
69
69
68
68
68
69
68
67
68
68
67
67
68
68
68
67
66
66
67
67
68
67
66
66
65
71
70
69
70
72
72
72
71
71
71
71
71
70
70
69
69
70
71
71
71
72
72
72
72
72
71
70
70
70
71
71
71
69
68
72
70
71
71
68
69
68
72
70
74
73
72
77
73
69
75
71
72
75
73
70
69
69
71
66
66
69
68
70
73
69
70
70
69
68
68
68
69
69
69
69
69
69
68
68
68
69
68
68
69
68
67
68
69
68
68
68
68
68
68
67
67
66
66
65
65
72
71
70
71
72
73
73
72
71
71
71
71
71
71
70
70
71
71
71
72
72
73
73
74
72
71
70
71
72
72
71
70
68
75
71
68
70
71
71
74
74
73
67
60
67
76
76
80
82
75
70
72
71
73
78
73
74
73
71
68
65
68
69
69
69
69
70
70
69
69
69
69
69
69
69
69
69
69
69
68
70
69
68
69
69
68
68
69
69
69
70
70
69
68
67
67
66
66
65
65
71
71
71
71
72
73
73
72
72
72
73
73
73
73
73
73
72
72
72
72
73
73
74
74
73
71
71
72
73
73
72
70
69
71
66
73
71
67
70
72
66
94
132
165
188
205
212
206
190
147
114
106
91
72
68
70
70
70
75
75
70
73
68
68
69
69
70
70
70
69
69
69
69
69
70
70
70
70
69
69
70
69
68
69
69
68
68
69
69
70
70
70
69
69
68
67
66
66
66
66
71
71
71
71
72
73
73
72
72
72
73
73
74
74
74
74
73
73
73
73
74
74
74
74
74
72
72
73
74
74
72
70
71
71
69
69
67
71
74
87
163
215
230
239
246
235
228
211
212
222
221
218
200
157
125
119
106
85
63
77
75
72
77
69
70
70
70
70
70
69
69
69
70
70
70
70
70
70
70
70
70
69
68
69
69
68
68
69
70
69
69
68
68
68
69
69
67
67
67
66
71
71
71
71
72
73
73
73
71
71
72
72
73
73
74
74
74
74
74
74
74
74
74
74
74
74
73
74
74
74
73
72
70
71
70
75
91
95
92
151
206
226
223
209
194
165
157
185
215
239
244
242
246
241
232
226
213
195
149
89
68
84
69
74
72
71
70
70
70
70
70
69
70
70
71
71
71
71
71
70
71
69
69
70
69
69
69
70
70
69
68
68
68
68
69
69
68
68
68
67
71
71
72
72
73
73
74
74
71
71
72
73
73
73
73
73
73
73
74
75
75
75
74
74
75
75
75
75
74
74
74
73
73
84
99
123
138
126
114
171
199
186
179
152
140
167
200
227
242
247
251
255
255
249
250
251
241
235
228
215
131
77
79
81
74
73
71
71
71
71
71
71
70
70
71
71
71
71
71
71
72
70
70
71
71
70
70
71
70
69
69
69
69
68
68
68
68
68
68
68
72
72
73
73
73
74
74
75
73
73
73
74
74
74
74
74
72
73
74
76
76
76
75
74
76
76
76
75
74
74
74
75
94
116
125
123
114
149
176
177
168
150
121
146
196
228
249
250
253
255
252
252
255
251
245
242
233
200
205
253
241
170
92
79
77
75
72
71
71
72
72
72
70
71
71
71
72
72
71
71
73
71
71
72
72
71
71
72
70
70
70
70
70
69
68
67
68
68
68
68
72
72
72
73
73
74
74
74
72
74
75
75
74
73
74
75
73
75
76
77
76
75
75
76
74
76
74
77
75
71
81
92
110
110
89
89
125
164
172
149
121
130
175
216
239
247
246
245
241
230
226
224
220
223
226
220
220
198
198
234
255
251
195
94
81
87
79
74
77
71
72
70
71
71
71
70
70
71
72
73
74
72
71
71
71
71
71
70
71
71
70
70
69
69
69
68
69
69
69
68
73
73
73
73
73
74
74
74
73
74
75
75
74
73
74
75
74
76
77
77
77
76
76
76
77
78
74
76
76
79
88
94
89
73
87
108
132
147
127
106
134
185
223
238
235
225
210
199
191
189
187
198
213
223
234
245
247
249
248
251
252
255
249
201
99
69
84
82
71
72
76
73
72
72
71
70
70
71
71
72
74
73
72
72
72
72
71
71
71
71
71
70
70
70
70
69
70
69
69
69
73
73
73
73
73
73
73
73
73
74
76
76
75
74
74
74
76
77
78
79
78
77
77
77
77
77
73
73
77
82
86
83
74
76
105
116
116
111
107
130
181
205
212
192
181
178
165
163
182
212
233
245
252
253
254
253
251
251
252
255
254
251
255
255
219
155
91
70
83
80
72
72
73
72
71
71
70
70
70
70
74
73
73
72
72
72
72
72
71
71
71
71
71
71
70
70
70
70
70
69
74
74
74
74
74
74
73
73
73
74
76
76
76
75
75
75
77
78
79
79
79
79
79
78
77
77
72
72
77
77
71
66
66
96
106
95
90
100
130
165
169
161
141
142
145
149
151
192
238
251
255
249
228
213
214
212
217
218
221
231
243
247
249
255
255
253
206
138
67
85
80
75
74
73
71
71
71
71
71
71
74
73
73
73
72
72
72
72
71
71
71
71
71
71
71
71
71
70
70
70
74
74
75
75
75
75
74
74
74
75
76
76
76
76
76
77
78
78
79
80
80
81
80
80
81
80
72
69
74
68
58
61
76
94
86
82
98
121
137
128
115
114
131
128
129
128
210
255
255
255
251
235
210
198
206
210
215
222
229
231
237
244
245
247
246
253
255
238
181
98
82
80
75
73
71
71
71
72
72
72
73
73
73
73
72
72
72
72
71
71
71
71
71
70
70
70
70
70
70
70
74
75
75
76
76
76
76
75
75
76
76
76
77
77
78
79
79
79
79
80
81
82
81
81
81
75
66
62
65
60
54
64
76
72
69
88
109
109
99
90
105
120
116
99
99
192
255
253
255
243
220
199
195
204
217
226
228
232
242
249
249
245
244
249
250
245
240
255
254
202
113
79
78
75
73
71
72
73
74
74
72
73
73
73
72
72
72
72
71
71
71
71
71
70
70
70
70
70
70
70
74
75
76
76
77
77
77
77
78
77
76
76
77
78
79
80
79
79
79
80
81
82
81
81
73
65
61
59
59
58
57
66
69
63
74
97
100
84
83
101
105
97
86
82
144
245
253
255
234
205
194
204
220
229
226
227
230
234
238
245
248
247
247
246
251
252
245
240
240
255
218
111
83
80
75
72
72
73
73
73
72
73
74
74
73
72
72
73
72
72
72
71
71
71
71
70
70
70
70
70
74
74
76
77
78
78
78
78
79
78
77
76
77
78
80
80
80
79
79
80
81
82
81
80
66
57
60
62
60
61
62
65
67
64
79
91
76
73
93
95
88
77
80
66
146
240
239
203
159
141
160
184
200
219
223
222
223
228
232
241
247
246
249
250
254
254
254
255
248
242
255
210
87
83
77
73
72
72
73
72
73
74
75
75
74
73
73
74
73
73
73
72
72
71
71
71
71
71
71
71
75
76
77
77
77
77
78
78
81
80
80
78
78
78
79
80
79
81
82
82
82
81
76
69
58
57
57
57
58
61
63
65
63
65
69
67
65
75
84
82
71
69
67
72
92
138
123
62
43
45
41
45
73
110
151
197
227
240
237
244
251
250
255
252
253
255
251
254
255
252
251
254
169
60
78
75
75
73
72
72
73
73
76
77
73
73
75
74
72
72
73
73
72
71
71
70
70
70
70
69
78
77
77
78
78
78
79
79
80
81
81
80
79
79
80
81
80
81
81
80
81
78
68
58
57
56
56
56
57
60
62
64
64
61
62
65
67
74
76
69
61
63
67
56
46
19
26
49
48
48
51
50
40
27
43
88
163
223
237
234
244
250
253
252
255
255
253
255
255
250
249
222
151
42
57
67
67
77
73
71
75
73
75
77
75
73
73
73
73
73
72
72
72
71
71
71
72
71
71
70
80
79
78
78
79
80
80
79
80
81
82
82
81
81
81
81
82
80
81
83
80
71
59
52
55
55
54
55
56
58
60
62
62
59
62
66
66
67
67
63
58
55
42
39
50
56
48
43
39
41
39
35
44
52
47
43
40
110
179
219
243
245
255
254
255
254
251
226
228
211
155
70
32
52
42
40
55
60
73
76
76
75
74
75
75
73
71
73
74
73
72
71
71
71
72
72
71
70
70
69
82
80
78
78
80
81
81
80
79
80
82
83
83
82
82
82
84
82
83
85
76
61
54
56
54
54
53
54
54
56
57
58
60
60
63
65
64
64
64
62
53
42
37
50
47
46
38
37
45
43
43
44
42
40
42
48
59
32
80
186
243
253
252
234
210
187
160
134
118
91
50
61
69
53
49
44
46
53
54
72
75
78
76
73
74
73
72
74
73
73
72
72
72
72
72
73
70
70
69
69
83
81
79
79
80
82
81
80
78
80
82
83
83
83
82
83
87
85
83
79
67
55
53
56
53
53
53
53
53
54
55
55
61
59
59
60
63
64
59
50
37
44
51
42
44
39
46
50
48
50
51
48
42
41
43
40
42
54
54
62
178
192
161
120
121
142
147
114
123
152
142
79
57
54
49
44
44
47
51
51
67
76
78
74
73
75
74
74
72
73
73
73
73
73
72
72
72
72
71
71
83
82
80
80
81
82
81
81
79
80
81
82
83
83
84
84
87
84
76
65
58
55
53
51
52
52
52
52
52
53
53
54
57
56
56
56
58
57
48
36
40
45
44
38
43
48
55
61
59
60
61
63
61
57
52
43
43
42
46
55
31
4
14
62
107
120
119
121
116
111
134
93
84
68
56
45
41
48
48
48
56
70
78
76
75
76
75
73
73
73
74
74
74
73
72
71
72
71
71
70
84
84
83
83
82
82
81
81
80
81
81
82
83
84
86
87
83
75
64
56
54
53
51
49
51
51
51
52
52
52
53
53
52
54
56
55
51
45
38
34
45
41
36
46
45
56
61
70
69
75
75
76
76
75
72
60
41
45
39
53
61
57
55
98
149
95
17
48
50
33
37
90
148
123
70
52
42
45
42
51
51
61
72
77
76
76
76
74
74
74
74
73
73
73
72
72
71
71
70
70
85
86
85
85
83
82
81
81
81
82
82
82
83
85
87
89
79
66
55
54
54
51
50
52
50
51
51
51
52
53
53
53
53
53
54
53
48
39
35
37
43
40
38
37
53
61
70
72
76
78
77
80
80
76
74
67
56
42
46
46
50
48
73
109
131
75
49
44
46
50
63
120
188
185
104
73
44
45
46
45
51
55
66
74
75
75
77
76
75
74
74
73
72
72
73
73
73
72
72
72
86
86
87
88
86
83
81
82
83
83
83
83
84
85
87
88
82
59
49
50
50
50
48
48
50
50
51
51
52
52
53
53
55
52
50
46
37
37
38
43
37
40
41
49
59
63
71
78
79
81
80
78
76
72
67
66
55
48
52
44
45
64
85
129
124
58
45
44
40
56
63
116
182
215
164
93
50
43
44
47
53
52
60
77
78
78
77
75
76
75
76
75
74
76
77
73
73
73
72
72
88
87
88
88
87
84
84
85
85
85
85
86
87
87
88
89
86
62
50
50
50
49
46
48
49
49
50
51
51
51
51
51
46
47
48
48
46
39
38
41
41
37
40
59
68
63
69
81
80
82
82
81
83
79
70
64
55
56
70
63
61
56
86
151
131
59
47
48
44
65
74
172
197
203
211
118
54
47
44
44
52
53
58
76
78
77
78
76
78
76
76
76
74
75
75
72
73
72
72
72
88
87
87
87
86
85
85
86
86
86
87
87
88
89
89
89
88
63
51
50
49
47
45
47
47
48
49
50
50
50
49
49
48
46
47
57
67
44
37
39
42
40
46
62
69
66
70
72
81
84
84
81
79
76
72
71
64
81
106
85
73
83
173
197
167
93
52
49
53
47
96
211
215
198
221
171
55
51
43
49
54
56
54
72
77
76
79
79
79
76
76
76
74
74
74
73
73
72
72
72
86
86
86
86
86
85
85
86
86
87
87
86
87
88
89
89
85
61
50
50
49
47
44
46
47
48
49
50
50
49
48
47
44
50
51
57
68
41
37
41
37
40
47
57
63
68
72
66
73
79
85
86
83
76
74
78
80
133
149
126
80
134
224
241
222
170
75
55
61
49
71
173
226
213
193
188
109
45
46
45
54
57
51
71
79
76
80
78
78
76
76
76
76
75
76
76
74
73
73
73
84
85
86
86
87
87
87
86
87
88
87
85
86
89
90
90
76
56
49
50
49
47
45
46
48
49
49
50
50
48
47
46
46
43
45
63
79
44
35
40
43
41
45
59
65
67
72
72
64
66
69
73
72
66
67
75
108
148
144
105
80
192
244
244
253
235
140
49
62
64
50
75
181
216
211
171
146
71
41
45
54
56
51
74
83
78
78
74
77
77
77
77
77
77
76
77
75
75
74
74
86
87
88
88
89
90
89
88
89
90
89
87
87
90
92
91
67
52
49
50
48
47
45
45
48
49
49
50
49
48
47
47
48
42
44
63
74
44
33
36
37
36
39
51
59
61
69
72
70
65
58
54
50
48
58
73
101
122
123
85
176
224
245
246
254
252
217
116
46
65
58
53
77
150
182
171
137
85
64
50
56
55
53
74
81
78
79
76
77
79
79
77
78
77
76
76
77
76
76
75
89
90
90
89
90
92
91
90
90
92
92
90
89
91
91
89
61
51
50
49
46
47
46
45
48
48
48
49
49
48
48
48
41
49
51
45
39
36
36
36
35
38
36
38
40
41
43
43
42
43
42
41
42
46
56
69
84
95
101
175
236
251
241
255
254
255
252
213
115
43
62
57
59
70
109
132
115
77
64
58
55
52
56
77
79
77
78
79
74
79
80
77
77
78
76
75
77
77
76
76
92
92
90
89
89
92
92
90
89
92
93
91
90
91
90
86
59
51
51
49
45
46
46
45
47
47
47
48
48
48
49
49
46
42
41
41
37
38
35
35
34
38
34
35
37
34
34
35
36
39
40
42
47
49
48
48
73
129
196
250
248
250
254
252
255
248
255
253
230
144
47
62
55
58
73
111
134
97
53
51
48
49
62
83
82
78
76
77
70
78
79
76
77
80
78
75
77
77
76
76
94
91
88
90
93
91
89
92
92
91
94
92
90
92
96
80
56
54
51
48
46
46
46
47
47
48
49
49
49
48
49
49
49
43
39
39
40
39
37
35
36
37
36
35
36
37
39
39
37
42
39
38
42
51
91
145
189
229
246
247
253
253
253
255
253
255
251
254
255
240
169
57
60
55
50
65
110
113
73
41
39
50
76
79
85
78
78
78
77
77
78
78
78
79
79
79
78
77
76
76
92
92
92
94
95
92
90
94
94
92
95
93
92
93
95
78
54
53
51
49
47
47
46
47
50
49
48
48
50
51
51
51
49
46
43
42
41
39
38
39
37
38
39
40
41
41
42
43
48
55
69
93
125
157
191
219
242
246
244
249
255
251
252
255
255
251
255
255
248
255
248
174
75
62
59
36
35
61
63
45
40
45
75
80
78
80
87
74
79
79
79
79
79
80
80
80
77
76
75
75
91
93
94
95
96
93
92
96
97
94
96
94
93
95
95
74
52
51
50
49
48
47
47
47
50
50
50
51
51
49
48
46
45
45
45
45
44
43
45
48
47
48
53
59
65
71
79
86
102
119
141
167
193
212
224
231
237
240
245
252
255
255
255
253
254
255
253
255
255
254
255
249
189
124
98
86
59
50
48
54
42
54
80
85
85
78
83
86
80
80
80
80
80
80
80
80
77
77
76
75
93
94
93
93
94
93
93
97
98
94
96
95
95
96
93
70
52
51
50
49
48
47
47
48
47
50
52
51
48
45
45
46
49
50
51
50
48
47
49
51
54
58
68
82
95
107
121
133
146
159
170
187
209
218
223
235
247
243
243
249
252
254
255
255
254
255
255
252
254
253
251
255
254
221
167
139
93
48
39
34
37
85
104
81
78
80
80
79
82
82
81
81
81
81
80
80
78
78
77
76
94
93
91
91
94
93
93
94
97
94
96
95
96
97
92
66
54
52
50
48
47
47
48
49
48
49
49
48
46
46
49
52
49
50
50
50
50
51
53
53
58
63
76
92
104
113
124
133
142
153
162
175
193
203
214
231
238
242
248
253
255
255
254
254
254
251
255
255
254
255
255
251
255
251
247
219
188
163
125
109
97
98
89
79
83
83
83
84
82
82
81
81
81
80
80
80
78
78
78
77
92
92
91
92
95
94
92
92
97
95
98
96
97
98
91
63
54
53
50
48
47
47
49
49
52
49
47
47
48
49
49
48
49
48
47
44
43
43
42
41
42
43
46
50
51
50
53
56
57
61
68
76
85
100
118
129
149
166
189
207
226
240
248
255
255
254
254
254
254
253
253
255
251
255
252
252
249
250
237
162
93
93
87
82
81
79
80
79
82
82
81
81
80
80
80
80
78
77
77
77
91
93
93
93
95
95
93
94
97
96
99
98
98
98
90
62
54
53
51
49
48
48
49
49
49
47
45
45
46
45
42
39
39
40
39
38
37
38
38
37
38
37
36
35
34
34
35
37
37
33
30
29
28
27
23
16
14
13
28
55
87
113
135
158
186
202
218
230
239
250
255
253
255
254
254
255
255
254
248
152
80
92
86
80
84
84
82
82
82
82
81
81
81
80
80
80
78
78
78
78
92
94
94
93
94
94
95
98
98
98
101
100
99
98
90
61
53
52
51
50
50
49
49
49
43
41
40
39
38
38
37
36
36
38
39
37
36
38
38
38
36
37
37
37
38
39
39
39
37
41
42
43
48
48
49
56
58
60
68
68
67
70
72
76
71
84
89
105
131
144
159
178
193
204
218
230
248
255
247
138
80
89
85
85
85
83
83
84
82
82
82
81
81
81
80
80
79
79
79
79
92
94
94
93
94
96
96
94
100
101
104
99
103
103
86
59
54
53
52
52
52
48
42
38
38
38
37
37
37
37
37
37
38
38
38
38
38
38
38
38
39
38
37
37
37
37
36
36
37
37
38
40
41
42
43
43
44
49
53
57
64
72
79
85
88
93
98
99
94
85
81
84
87
73
76
88
120
189
226
137
83
87
85
85
83
80
82
83
82
82
82
82
82
82
82
82
79
79
78
78
93
94
95
95
96
98
99
98
99
98
101
98
103
103
87
59
55
53
52
53
49
43
38
38
38
37
37
37
37
37
37
37
37
37
37
38
38
37
37
37
35
36
37
37
37
37
39
40
38
37
37
37
38
40
42
43
44
47
49
51
56
60
65
71
76
80
85
93
97
93
91
95
93
91
87
87
65
64
117
103
86
88
84
84
86
83
83
82
82
82
82
82
81
81
81
81
82
82
81
80
93
94
95
96
98
100
102
102
98
97
99
99
104
103
88
59
55
54
53
50
44
38
36
36
38
37
37
37
37
37
37
37
36
36
37
37
37
37
36
36
35
36
37
36
34
33
35
37
37
37
37
39
41
43
44
44
46
50
54
56
57
56
61
69
69
73
80
89
92
88
85
89
92
77
74
74
79
90
108
94
86
88
84
85
86
84
84
84
83
83
82
82
81
80
80
80
81
81
80
79
96
96
97
97
97
99
101
102
100
97
99
100
105
103
89
60
55
57
53
43
37
37
37
34
37
37
37
37
36
37
37
37
36
36
37
37
37
37
36
36
36
37
38
37
36
35
37
38
39
37
35
35
37
40
42
43
42
45
50
56
60
60
64
72
76
79
81
85
88
89
91
96
85
85
80
71
65
78
109
96
84
88
86
86
85
83
85
86
84
83
83
82
81
81
80
80
82
81
81
81
99
99
98
98
97
97
99
101
102
100
101
101
105
104
93
62
57
56
49
39
35
38
38
35
37
37
37
36
36
37
37
37
37
37
37
38
38
37
37
37
38
37
36
36
36
36
37
37
36
36
36
37
38
41
43
44
48
46
45
49
54
54
55
59
72
76
78
79
84
88
91
94
97
87
76
68
65
85
112
93
83
87
86
85
85
82
84
86
84
84
83
83
82
82
82
81
82
82
81
81
98
97
97
97
97
98
100
103
102
102
102
102
105
106
98
66
59
52
44
39
38
37
37
37
37
36
36
36
36
37
37
37
37
37
38
38
38
38
37
37
39
38
36
36
36
37
37
37
39
40
42
43
44
47
51
53
56
57
58
60
63
65
69
76
72
79
82
81
80
80
83
89
84
77
76
67
63
86
102
90
85
87
83
84
86
84
84
84
83
83
83
83
83
83
83
83
82
82
81
81
97
96
95
95
94
94
97
101
99
102
103
102
104
108
104
71
56
48
42
40
39
37
36
37
36
36
36
36
36
37
37
37
37
37
38
38
38
38
37
37
38
38
38
38
39
40
41
43
43
43
41
38
35
37
43
47
41
48
54
60
66
71
77
83
92
99
107
113
112
104
98
100
90
84
69
71
62
75
110
97
85
87
84
84
86
84
84
84
83
83
83
83
83
83
83
83
85
85
84
83
101
99
96
93
90
87
89
92
97
101
102
101
104
109
108
75
51
47
43
40
39
38
37
35
36
36
36
36
36
37
37
37
37
37
37
37
37
37
37
37
36
36
36
35
32
32
34
36
42
52
66
78
87
96
104
110
124
126
127
131
138
139
133
128
116
102
92
95
102
101
100
104
103
92
85
78
60
82
112
89
84
88
86
86
85
82
84
86
82
82
82
82
83
83
83
83
83
83
82
81
104
97
90
89
91
93
93
91
93
93
99
104
106
109
106
74
45
47
40
43
35
45
37
37
40
38
36
38
40
37
35
35
38
38
38
37
37
36
37
39
36
40
45
57
75
100
112
131
140
154
163
176
188
191
200
209
213
214
222
227
233
238
234
233
232
218
210
197
181
169
153
141
121
90
69
69
65
91
105
88
84
86
91
82
84
83
82
82
81
81
84
84
83
84
84
81
84
83
83
83
99
90
84
87
92
94
96
98
96
93
98
106
107
104
101
77
44
45
43
44
38
39
53
46
38
41
33
40
35
39
37
36
33
34
36
38
39
38
38
40
49
57
69
89
109
131
145
166
180
183
177
180
193
202
209
214
217
222
230
234
241
248
245
242
244
242
247
252
251
250
245
236
225
214
182
143
97
96
113
91
89
84
84
83
89
89
85
85
88
88
89
88
83
81
84
87
83
83
82
82
93
85
84
90
93
91
91
96
99
96
97
103
105
101
99
80
41
46
45
41
43
41
41
38
41
44
40
43
41
36
36
42
38
37
38
39
40
41
44
47
52
57
63
74
85
103
123
150
166
168
157
155
168
181
193
203
213
219
226
226
233
244
241
236
234
231
236
240
243
250
252
251
248
250
254
238
206
165
126
92
90
87
89
89
87
94
93
89
92
86
86
90
89
85
84
84
83
83
82
82
88
83
83
91
96
95
95
98
95
98
97
96
98
94
88
64
46
46
42
41
41
48
45
47
46
50
49
43
39
36
44
47
45
41
40
42
42
43
47
49
48
50
51
55
62
71
83
98
125
137
140
140
144
146
155
168
189
203
219
222
226
233
231
226
232
223
230
230
233
240
238
243
236
233
235
232
242
233
177
97
97
86
85
93
91
97
95
88
90
87
89
91
87
86
94
103
87
87
86
86
90
84
80
82
88
92
92
91
89
95
97
97
102
99
91
66
49
48
48
47
49
26
4
0
24
54
55
58
66
65
72
61
45
40
41
44
43
43
44
44
47
46
44
46
54
58
59
57
65
78
93
104
110
112
118
131
137
162
193
208
216
224
227
230
229
219
215
219
224
226
227
227
224
225
221
220
215
219
203
104
94
96
93
91
92
99
101
96
91
89
91
92
85
81
88
98
89
89
88
88
93
94
91
84
80
80
81
80
85
85
87
93
100
99
100
84
59
48
45
42
18
93
118
120
110
71
69
102
111
66
74
59
47
40
40
44
43
43
45
45
48
50
51
54
68
79
92
94
81
70
63
60
60
63
69
80
88
109
148
181
203
212
212
213
225
224
208
213
211
198
195
179
180
184
177
159
136
150
169
119
106
112
105
91
91
89
97
103
102
100
100
99
92
87
86
86
86
85
85
85
94
100
101
93
85
82
83
83
93
87
86
92
96
94
103
96
63
55
48
91
181
174
132
143
149
153
173
155
108
64
53
59
53
43
42
46
45
46
49
49
43
47
52
57
69
78
97
104
96
84
80
75
66
62
59
59
60
72
111
162
200
213
209
209
216
222
207
190
165
137
119
97
98
101
124
154
166
159
142
137
136
111
100
95
102
97
114
118
103
104
103
96
89
88
92
93
84
84
83
83
97
97
95
90
86
86
85
84
91
86
86
91
90
88
99
94
60
48
58
159
167
82
69
77
68
110
187
159
15
55
55
59
53
44
45
50
49
48
48
46
49
48
48
50
57
57
67
67
68
64
72
69
59
63
71
76
77
77
104
151
189
203
208
217
221
218
197
146
107
93
84
83
84
110
144
195
221
213
177
161
168
135
126
107
105
118
148
124
112
109
103
96
94
98
97
90
89
88
87
86
103
100
92
90
84
77
77
73
68
63
66
69
76
85
95
78
54
40
101
131
44
86
103
93
103
71
95
171
111
59
63
53
47
48
50
54
54
52
49
46
45
48
47
45
43
39
39
46
51
51
75
91
81
61
52
68
72
73
92
134
178
200
218
221
218
221
182
112
84
79
66
64
75
73
100
157
207
216
180
149
171
197
164
129
131
161
168
138
134
108
111
96
91
93
107
105
88
84
90
91
98
98
90
88
88
77
66
65
72
69
70
67
66
68
74
64
59
54
130
114
82
78
87
80
93
95
75
127
143
98
75
59
51
49
59
60
60
61
51
49
53
50
45
38
35
39
41
38
92
180
189
132
90
98
66
52
59
63
75
108
158
191
216
224
237
209
122
72
60
55
69
89
62
59
67
119
177
206
157
127
156
174
160
157
178
191
176
158
130
112
109
97
92
86
101
125
90
82
85
87
95
90
83
80
80
72
64
69
75
75
80
78
78
74
65
54
51
81
130
90
78
92
73
70
64
103
101
102
135
114
83
75
72
87
92
82
77
73
62
56
54
43
39
40
44
53
51
35
96
209
253
236
146
101
96
63
49
59
67
89
143
191
227
241
227
135
70
72
43
98
179
209
172
83
71
98
164
225
173
114
132
147
163
178
187
197
191
184
184
179
155
133
128
105
89
116
93
85
87
89
94
79
77
77
74
71
66
68
73
78
84
76
73
73
68
67
58
88
136
82
82
118
75
57
53
62
85
100
119
111
93
57
65
80
97
95
89
91
86
75
63
46
41
47
54
63
66
60
38
177
250
252
207
98
106
82
49
54
59
80
138
199
241
253
198
107
99
85
53
92
151
239
247
173
103
132
212
230
174
127
139
137
158
184
176
170
181
197
199
212
197
178
168
146
111
112
104
94
94
94
80
67
72
82
84
81
72
69
69
67
66
64
72
84
75
65
55
81
143
123
108
111
92
58
59
60
97
106
107
102
91
111
95
73
83
93
102
122
116
92
74
56
45
55
72
81
82
81
147
234
253
235
181
132
116
107
56
52
60
86
146
211
249
251
201
131
116
106
89
62
142
245
252
205
155
212
246
235
164
140
132
139
146
157
146
146
173
200
205
207
200
194
184
178
149
127
111
95
91
91
79
76
77
82
82
73
66
70
69
66
67
71
76
89
84
71
60
69
117
131
94
98
116
100
60
98
103
99
98
93
98
111
117
110
88
94
114
130
134
107
98
77
50
45
69
98
121
137
196
236
244
215
180
145
114
105
65
55
59
80
135
203
247
255
222
153
140
144
134
163
227
249
238
199
186
236
247
221
147
127
117
148
155
142
132
166
204
205
197
214
222
219
196
171
145
138
121
106
103
104
79
77
73
73
67
61
67
77
66
62
71
93
104
125
132
120
102
67
91
87
66
94
105
101
61
96
114
95
83
93
83
50
76
103
88
92
113
121
136
134
132
117
84
54
48
61
85
106
116
142
149
158
158
161
127
81
61
57
67
87
140
204
243
250
228
182
139
150
161
192
214
212
171
165
223
241
246
210
117
97
108
127
145
143
137
168
187
173
159
188
213
228
222
187
146
129
123
112
113
116
79
69
64
67
60
59
70
71
64
72
98
129
123
123
121
105
85
66
62
81
70
87
88
64
84
129
143
111
93
80
79
83
78
72
78
86
111
134
138
153
161
152
128
102
84
74
69
70
92
119
141
165
170
167
129
80
64
57
60
77
138
205
242
249
236
217
175
122
118
120
135
143
147
207
250
252
245
189
110
92
87
99
122
130
123
129
132
139
150
162
187
210
218
208
179
144
123
111
114
121
64
63
67
69
64
65
73
74
71
85
131
123
95
87
71
62
56
57
52
70
63
75
80
74
156
158
119
116
97
84
66
62
70
79
70
85
100
123
142
158
177
182
171
162
150
139
137
148
163
172
184
196
184
151
114
83
71
66
65
73
123
195
236
250
244
242
225
197
183
181
184
198
223
240
250
255
241
165
103
94
79
81
93
100
105
111
125
158
189
180
178
180
192
202
195
158
141
121
121
121
60
66
66
71
71
76
83
73
66
114
128
105
88
62
57
59
68
68
48
49
62
67
81
95
100
103
104
127
108
90
77
53
70
83
65
82
86
106
135
160
187
204
201
198
195
194
197
209
206
208
208
200
175
142
111
87
71
67
66
76
124
192
230
244
245
248
248
236
228
230
234
242
246
252
251
254
239
150
87
89
76
77
88
88
99
111
126
174
203
179
176
184
173
166
180
165
141
134
138
135
64
74
85
88
77
68
67
62
78
117
101
98
79
72
64
53
67
64
52
45
67
71
86
94
71
101
116
155
116
93
97
75
68
80
87
71
79
105
126
149
178
204
210
211
213
217
221
231
225
218
209
191
166
139
107
84
71
67
67
75
119
183
224
243
247
248
252
245
238
243
250
255
255
255
254
255
233
131
72
78
77
81
92
92
101
120
131
147
175
177
163
169
177
154
155
165
162
160
162
161
83
71
82
84
77
69
60
71
96
97
90
96
70
87
80
60
81
58
54
46
63
70
76
77
79
96
113
161
131
101
103
85
65
128
102
68
86
90
114
137
165
193
208
218
221
229
234
237
232
221
210
191
169
143
104
78
67
65
66
72
111
174
221
248
248
251
255
252
247
249
252
255
254
252
255
254
219
112
67
71
76
84
90
98
97
108
141
155
192
211
181
157
174
158
142
152
165
166
166
157
75
55
60
62
63
66
64
82
92
82
101
89
88
100
92
74
93
51
46
42
57
76
67
72
75
90
123
154
136
118
116
92
116
139
65
63
78
94
113
125
148
171
193
213
218
228
234
232
231
223
215
196
171
138
96
72
62
60
64
73
111
173
219
246
243
250
255
255
254
253
249
252
255
252
250
246
206
99
73
74
74
85
85
106
132
149
172
178
185
190
184
158
157
159
149
138
146
161
177
170
58
60
64
61
57
60
70
81
74
81
101
81
93
110
98
82
82
40
46
47
57
100
87
73
89
108
109
159
149
129
135
146
157
91
51
74
84
111
110
116
138
158
180
202
210
220
225
222
223
218
212
199
172
129
85
63
57
56
64
78
121
181
219
237
243
249
255
254
254
252
247
250
254
250
243
240
200
96
88
81
79
93
105
120
145
175
193
195
202
188
186
163
156
162
157
151
137
147
175
188
55
60
62
59
57
60
67
71
67
90
99
71
72
98
92
84
76
41
52
51
60
110
102
74
94
124
98
138
172
176
177
172
117
80
66
77
83
78
80
96
125
147
165
186
200
212
218
219
223
222
216
205
170
116
76
59
56
56
65
82
130
190
222
235
237
241
251
255
253
251
247
246
247
243
241
238
189
94
109
81
81
92
110
126
141
165
182
183
192
189
184
165
169
173
164
163
147
141
156
170
57
54
62
63
63
62
59
68
69
95
106
66
79
97
88
79
72
45
49
52
71
103
94
77
88
118
131
117
171
170
155
118
102
104
64
59
64
66
75
81
109
136
150
167
186
201
207
213
217
221
217
202
156
95
64
59
57
58
67
84
132
194
227
240
238
237
249
254
249
249
248
245
243
237
243
237
172
90
124
76
77
103
108
117
144
170
186
180
174
184
193
178
175
183
181
164
145
142
148
146
53
53
61
60
60
60
62
64
69
82
106
82
74
89
78
85
67
51
51
44
74
84
99
95
93
111
137
132
158
149
153
124
108
105
73
56
64
64
65
77
92
117
141
157
178
195
200
208
213
220
216
186
130
77
57
63
65
58
68
74
131
195
232
250
249
238
236
245
246
250
247
245
240
235
235
226
137
103
105
65
83
93
104
114
141
161
165
152
162
179
196
202
185
181
182
171
144
145
147
152
57
53
60
66
59
54
57
68
78
78
111
93
70
78
67
76
66
45
47
46
89
106
110
101
93
84
117
128
137
160
141
134
109
99
76
59
61
63
69
74
82
100
133
156
168
186
199
203
218
214
205
170
110
67
59
64
62
67
73
76
110
184
231
234
250
241
228
232
240
248
247
247
240
237
235
207
111
96
85
67
87
91
99
115
146
165
165
145
149
168
195
211
202
195
188
189
154
148
147
154
58
54
68
84
67
53
52
67
86
72
107
93
62
64
60
81
68
49
50
40
96
126
110
109
90
82
100
128
131
156
151
149
127
101
84
62
53
64
84
82
76
93
123
149
169
185
197
207
213
208
200
165
104
60
57
70
71
77
74
79
92
157
211
220
241
242
224
225
235
243
244
246
243
230
228
179
82
95
83
80
88
100
107
110
138
163
166
155
143
164
199
218
217
207
187
195
158
146
148
162
56
53
66
84
63
57
62
83
83
69
96
90
65
60
61
85
73
54
47
42
89
109
93
97
96
92
81
103
141
149
166
155
146
115
87
60
61
59
63
71
75
88
109
135
166
184
192
206
209
207
196
164
111
66
60
79
87
68
61
73
81
139
192
200
213
224
215
222
230
234
238
243
234
228
225
150
74
89
78
83
82
91
110
115
140
169
171
161
153
169
206
224
228
221
190
194
176
153
147
160
56
54
60
69
51
56
69
89
86
69
80
80
65
63
69
80
80
61
47
62
92
88
84
89
116
91
80
86
157
151
161
186
177
151
117
74
61
62
64
64
77
82
103
131
160
182
193
201
203
202
191
163
121
80
64
67
76
68
67
71
95
135
161
176
214
220
212
221
226
228
233
235
227
231
201
105
81
90
77
79
76
72
91
106
121
150
177
175
166
172
203
221
225
218
183
178
185
158
150
162
55
55
62
68
59
69
81
94
83
66
70
76
71
82
95
91
73
59
51
60
96
96
75
95
100
79
86
76
143
151
138
170
225
203
160
105
71
66
67
66
76
87
107
132
160
182
193
202
207
207
201
175
132
99
78
62
61
63
87
110
150
191
211
236
244
235
220
223
226
229
230
227
227
225
166
79
83
91
92
84
70
78
80
91
104
125
168
180
178
176
195
214
217
208
178
170
166
149
150
169
57
54
59
63
61
66
71
79
68
63
71
72
69
79
85
79
71
59
60
64
104
111
72
102
87
83
95
71
116
151
115
87
166
226
217
149
89
73
67
71
73
87
108
128
155
179
192
201
208
208
202
178
142
117
100
85
81
72
132
193
206
242
255
253
254
245
230
227
226
231
229
226
222
208
139
89
81
79
88
84
76
78
80
88
99
109
143
166
174
172
178
192
196
191
175
169
154
143
144
161
57
51
58
65
69
65
64
67
57
66
76
68
66
76
77
83
75
54
57
84
109
100
72
88
73
58
88
79
111
146
109
62
70
136
188
185
113
80
76
78
77
81
108
129
145
177
199
198
208
208
202
189
171
147
127
118
106
116
178
235
223
244
252
254
254
254
246
237
230
232
227
226
222
191
101
88
82
73
72
77
78
66
110
139
125
111
128
157
175
179
173
176
178
179
173
168
154
146
145
155
51
54
59
65
73
76
72
65
69
84
82
69
74
75
84
79
74
54
62
82
89
89
79
82
65
50
78
76
110
136
99
87
70
74
128
176
148
103
102
88
85
96
106
123
157
186
193
197
199
207
202
201
194
168
151
146
137
146
195
247
228
241
255
254
253
255
251
250
239
229
232
227
224
158
85
84
76
82
71
67
65
119
188
157
112
103
116
157
181
176
174
171
164
177
163
157
158
158
158
155
58
59
60
58
57
61
69
76
95
94
91
73
91
89
83
64
61
62
67
90
80
74
74
77
54
77
71
56
116
147
105
108
73
74
101
139
158
133
113
101
97
96
107
130
158
181
189
190
187
199
216
220
193
175
156
144
155
157
199
241
220
233
254
252
255
251
254
249
239
239
227
230
207
110
83
81
82
83
75
62
114
202
172
102
92
90
103
144
179
170
166
167
156
169
161
142
158
155
154
157
63
66
67
70
87
105
105
94
90
110
95
101
92
83
84
69
59
62
63
89
84
89
80
70
66
67
66
69
126
137
105
100
76
75
97
106
149
186
164
109
104
103
114
127
145
170
178
172
180
208
218
213
166
142
131
116
123
147
174
207
223
219
211
219
248
255
253
255
250
239
226
230
175
75
84
85
89
88
60
79
171
173
103
113
112
91
92
118
163
167
154
169
159
153
167
158
139
146
149
147
75
71
74
87
105
118
126
130
118
113
114
100
74
78
96
84
74
62
70
83
83
94
80
82
72
61
67
70
143
141
117
93
67
88
93
103
141
183
211
165
108
104
118
124
138
163
166
163
195
207
184
128
94
99
96
103
110
116
128
154
182
183
176
178
204
245
255
254
253
243
235
211
116
77
90
90
91
89
86
134
161
132
118
128
106
95
95
125
161
159
149
152
160
162
149
152
149
153
157
158
59
70
76
74
79
99
125
142
129
122
118
118
130
125
99
85
80
58
72
78
89
94
77
85
70
70
71
91
157
129
109
94
89
89
90
93
111
146
199
225
159
120
117
118
127
158
175
191
194
158
91
62
86
97
109
117
121
111
123
146
165
171
173
166
169
195
237
249
250
249
239
178
75
92
87
75
77
78
125
147
132
111
117
121
106
84
111
136
157
150
147
147
154
163
159
171
159
164
168
168
62
65
73
81
82
87
106
128
113
97
109
147
129
91
69
72
91
84
93
86
95
94
82
84
62
81
79
125
163
131
112
96
104
98
92
102
104
112
153
210
208
151
130
126
135
175
203
209
178
98
89
96
101
117
150
157
169
167
166
168
176
179
184
188
183
167
199
239
247
246
229
131
73
87
68
68
89
115
135
133
109
104
102
124
95
94
135
140
147
151
152
161
158
175
205
196
164
175
181
178
66
72
76
73
70
73
80
84
79
72
85
71
78
73
77
83
81
81
83
86
95
84
65
65
113
109
107
169
180
127
101
117
127
118
116
110
105
106
109
194
226
190
152
137
153
196
220
201
142
114
99
96
101
108
136
154
187
193
196
193
190
201
208
208
210
200
196
223
239
240
191
80
77
66
62
78
106
137
112
116
107
97
95
113
91
117
121
141
152
154
162
167
177
202
208
177
163
164
171
178
73
72
69
67
68
71
74
75
67
62
58
71
85
66
69
80
79
73
75
91
92
81
89
139
157
141
171
211
173
108
95
129
152
140
141
132
107
119
113
157
221
217
175
158
177
203
205
164
118
108
99
92
92
95
103
129
164
186
198
202
205
218
213
203
222
236
219
218
235
229
134
58
69
57
85
96
112
118
108
117
104
88
87
115
130
134
124
132
152
158
160
180
191
180
185
186
176
174
170
166
74
71
79
66
59
64
62
64
65
73
65
89
69
49
74
79
80
82
81
84
98
125
161
189
190
189
209
194
147
121
95
125
167
165
141
144
128
116
121
135
205
231
215
177
187
201
178
119
102
107
103
96
88
89
98
109
126
152
181
189
198
205
203
216
240
243
239
231
226
199
78
65
64
78
92
86
107
103
103
108
101
82
92
129
134
130
127
143
155
162
182
197
194
172
180
195
177
181
172
162
76
73
74
62
62
60
63
55
61
76
89
73
55
59
76
88
77
82
84
105
125
144
175
186
198
208
199
169
117
125
125
122
139
151
136
150
166
122
113
131
185
222
225
193
170
176
145
117
108
108
109
111
105
97
100
112
120
133
157
171
183
195
206
226
243
247
236
231
221
141
48
72
75
77
76
85
113
91
93
102
96
92
114
136
118
122
133
141
147
168
192
202
186
181
173
189
191
179
168
167
82
79
69
64
67
58
58
62
49
71
104
69
53
64
64
74
77
73
86
100
110
126
150
171
194
209
202
136
88
125
113
117
122
120
111
124
168
145
116
136
178
207
230
209
183
156
127
123
114
113
112
110
115
121
129
136
136
133
149
167
184
202
213
224
231
236
235
229
180
63
75
71
73
69
73
87
113
87
90
102
94
103
118
121
105
125
145
151
150
172
200
191
188
190
184
199
203
184
168
168
82
77
71
73
66
58
52
61
51
66
92
75
61
63
60
66
78
69
82
89
96
110
124
151
192
212
167
75
79
109
104
102
120
125
120
120
141
161
127
134
187
205
195
210
191
162
126
120
118
115
113
113
135
162
180
187
186
191
206
212
206
213
224
225
223
226
223
197
104
63
70
71
62
72
66
86
104
77
96
89
86
104
123
123
107
130
150
158
162
179
195
193
209
199
187
192
192
187
171
165
91
76
74
70
64
52
55
53
54
59
70
75
62
61
64
66
80
87
87
90
98
104
120
137
163
155
89
83
79
102
109
109
126
131
121
143
161
179
149
156
191
210
167
195
190
158
136
118
121
114
122
134
162
183
199
213
227
239
254
251
232
230
238
233
222
225
205
120
59
70
67
60
68
63
72
76
97
96
86
86
96
98
118
124
101
119
142
146
165
183
179
207
223
203
178
182
186
187
173
162
108
86
77
67
94
61
55
57
56
58
66
72
59
66
69
70
75
89
90
85
95
109
121
133
135
105
75
80
88
96
125
133
142
143
142
166
193
182
155
192
223
221
147
158
173
138
135
123
116
115
135
152
177
187
196
209
228
235
245
254
250
248
248
235
229
221
148
49
67
60
56
64
69
66
73
83
106
112
85
87
99
97
114
126
105
110
121
129
157
176
181
208
216
187
176
188
193
190
181
176
113
90
82
72
123
97
52
63
65
65
74
72
65
73
80
87
86
89
90
86
98
112
109
112
112
100
68
86
108
99
120
142
140
147
159
169
203
191
167
200
227
210
125
131
156
148
121
116
109
115
140
153
182
196
205
213
220
230
237
250
254
249
247
236
224
164
60
65
60
52
58
62
70
66
80
91
103
126
92
87
98
105
119
124
103
104
118
141
154
167
192
196
193
171
169
179
175
180
182
185
112
84
84
69
111
128
59
68
65
65
76
74
77
76
86
97
92
94
87
95
100
98
108
109
98
93
80
93
84
92
116
106
108
128
148
173
189
173
180
216
228
214
145
106
133
139
111
113
108
111
134
147
180
199
209
214
224
236
237
245
249
245
245
235
181
71
63
62
54
55
59
68
69
75
74
96
99
134
125
91
92
97
116
126
102
107
122
135
160
162
185
180
164
173
161
166
176
189
182
174
103
78
81
69
87
146
111
73
72
64
69
73
76
91
102
102
103
101
90
93
92
98
115
108
106
98
90
96
83
83
120
107
95
103
137
175
186
161
166
218
236
212
159
123
112
117
114
105
107
101
120
153
175
185
203
205
213
231
239
241
244
247
238
209
99
51
61
60
51
63
58
69
68
78
81
91
94
111
141
102
93
90
102
123
119
116
124
138
156
166
167
180
153
165
177
171
169
191
196
170
104
95
74
79
75
121
147
96
117
89
57
69
87
94
112
111
100
103
102
102
92
94
110
111
118
112
85
95
96
102
137
127
89
99
103
139
186
171
171
190
203
189
160
147
126
108
103
104
94
95
118
150
172
181
196
198
201
219
230
236
237
243
216
138
50
67
62
56
55
56
66
71
70
84
87
82
87
98
121
123
102
98
107
124
121
125
142
163
160
166
182
182
176
170
172
168
162
175
187
177
107
116
96
77
93
85
114
98
127
169
104
57
95
110
109
120
109
112
121
114
94
87
96
102
119
125
99
108
109
116
140
146
114
98
87
108
157
157
167
155
159
163
160
164
138
111
108
102
86
91
109
134
156
168
186
193
197
215
222
226
235
223
154
66
59
59
48
51
60
61
68
75
75
89
95
79
85
92
98
122
115
107
111
129
136
146
157
169
152
162
190
186
189
176
168
181
187
187
198
194
97
121
119
86
88
82
71
79
76
152
141
80
90
125
125
119
115
113
128
118
98
89
90
99
108
127
119
121
113
121
130
154
119
90
106
110
131
132
154
148
127
153
167
174
136
108
117
112
103
103
110
120
138
151
168
179
194
203
211
209
201
152
78
66
63
54
61
57
54
62
66
80
76
86
101
83
83
94
91
108
120
110
112
135
152
163
161
159
150
161
178
181
178
178
170
203
213
209
213
202
